,epoch,method,label,total,TP,FP,seed
0,11,Small Loss,0,34,11,23,37
1,11,Small Loss,1,32,14,18,37
2,12,Small Loss,0,34,18,16,37
3,12,Small Loss,1,33,12,21,37
4,13,Small Loss,0,34,16,18,37
5,13,Small Loss,1,33,15,18,37
6,14,Small Loss,0,34,15,19,37
7,14,Small Loss,1,34,15,19,37
8,15,Small Loss,0,30,14,16,37
9,15,Small Loss,1,42,17,25,37
10,16,Small Loss,0,42,15,27,37
11,16,Small Loss,1,31,16,15,37
12,17,Small Loss,0,35,10,25,37
13,17,Small Loss,1,39,14,25,37
14,18,Small Loss,0,39,13,26,37
15,18,Small Loss,1,42,15,27,37
16,19,Small Loss,0,39,18,21,37
17,19,Small Loss,1,41,18,23,37
18,20,Small Loss,0,38,16,22,37
19,20,Small Loss,1,39,15,24,37
20,21,Small Loss,0,36,15,21,37
21,21,Small Loss,1,41,10,31,37
22,22,Small Loss,0,38,11,27,37
23,22,Small Loss,1,41,20,21,37
24,23,Small Loss,0,42,19,23,37
25,23,Small Loss,1,36,16,20,37
26,24,Small Loss,0,44,14,30,37
27,24,Small Loss,1,40,13,27,37
28,25,Small Loss,0,34,13,21,37
29,25,Small Loss,1,45,19,26,37
30,26,Small Loss,0,43,18,25,37
31,26,Small Loss,1,38,13,25,37
32,27,Small Loss,0,42,19,23,37
33,27,Small Loss,1,41,17,24,37
34,28,Small Loss,0,41,18,23,37
35,28,Small Loss,1,40,17,23,37
36,29,Small Loss,0,42,15,27,37
37,29,Small Loss,1,35,17,18,37
38,30,Small Loss,0,34,10,24,37
39,30,Small Loss,1,49,18,31,37
40,31,Small Loss,0,40,18,22,37
41,31,Small Loss,1,39,17,22,37
42,32,Small Loss,0,39,18,21,37
43,32,Small Loss,1,39,11,28,37
44,33,Small Loss,0,50,20,30,37
45,33,Small Loss,1,39,16,23,37
46,34,Small Loss,0,38,18,20,37
47,34,Small Loss,1,41,15,26,37
48,35,Small Loss,0,32,13,19,37
49,35,Small Loss,1,48,13,35,37
50,36,Small Loss,0,37,13,24,37
51,36,Small Loss,1,39,19,20,37
52,37,Small Loss,0,48,18,30,37
53,37,Small Loss,1,32,12,20,37
54,38,Small Loss,0,48,16,32,37
55,38,Small Loss,1,35,16,19,37
56,39,Small Loss,0,51,23,28,37
57,39,Small Loss,1,35,13,22,37
58,40,Small Loss,0,38,14,24,37
59,40,Small Loss,1,54,17,37,37
60,41,Small Loss,0,47,16,31,37
61,41,Small Loss,1,42,15,27,37
62,42,Small Loss,0,38,17,21,37
63,42,Small Loss,1,44,17,27,37
64,43,Small Loss,0,44,19,25,37
65,43,Small Loss,1,46,26,20,37
66,44,Small Loss,0,43,14,29,37
67,44,Small Loss,1,42,16,26,37
68,45,Small Loss,0,35,12,23,37
69,45,Small Loss,1,52,23,29,37
70,46,Small Loss,0,45,12,33,37
71,46,Small Loss,1,43,20,23,37
72,47,Small Loss,0,37,20,17,37
73,47,Small Loss,1,48,18,30,37
74,48,Small Loss,0,40,17,23,37
75,48,Small Loss,1,41,16,25,37
76,49,Small Loss,0,47,17,30,37
77,49,Small Loss,1,43,16,27,37
78,50,Small Loss,0,36,13,23,37
79,50,Small Loss,1,44,21,23,37
80,51,Small Loss,0,33,18,15,37
81,51,Small Loss,1,54,24,30,37
82,52,Small Loss,0,39,16,23,37
83,52,Small Loss,1,47,21,26,37
84,53,Small Loss,0,41,17,24,37
85,53,Small Loss,1,48,18,30,37
86,54,Small Loss,0,36,15,21,37
87,54,Small Loss,1,46,11,35,37
88,55,Small Loss,0,40,16,24,37
89,55,Small Loss,1,40,19,21,37
90,56,Small Loss,0,37,15,22,37
91,56,Small Loss,1,57,23,34,37
92,57,Small Loss,0,42,14,28,37
93,57,Small Loss,1,39,16,23,37
94,58,Small Loss,0,41,16,25,37
95,58,Small Loss,1,44,16,28,37
96,59,Small Loss,0,37,17,20,37
97,59,Small Loss,1,46,18,28,37
98,60,Small Loss,0,36,10,26,37
99,60,Small Loss,1,47,19,28,37
100,61,Small Loss,0,37,13,24,37
101,61,Small Loss,1,52,26,26,37
102,62,Small Loss,0,41,15,26,37
103,62,Small Loss,1,37,15,22,37
104,63,Small Loss,0,42,22,20,37
105,63,Small Loss,1,48,21,27,37
106,64,Small Loss,0,47,19,28,37
107,64,Small Loss,1,48,21,27,37
108,65,Small Loss,0,28,9,19,37
109,65,Small Loss,1,58,27,31,37
110,66,Small Loss,0,41,14,27,37
111,66,Small Loss,1,46,21,25,37
112,67,Small Loss,0,39,16,23,37
113,67,Small Loss,1,42,15,27,37
114,68,Small Loss,0,41,11,30,37
115,68,Small Loss,1,45,14,31,37
116,69,Small Loss,0,38,20,18,37
117,69,Small Loss,1,56,21,35,37
118,70,Small Loss,0,39,11,28,37
119,70,Small Loss,1,41,11,30,37
120,71,Small Loss,0,43,20,23,37
121,71,Small Loss,1,50,18,32,37
122,72,Small Loss,0,43,20,23,37
123,72,Small Loss,1,41,13,28,37
124,73,Small Loss,0,43,15,28,37
125,73,Small Loss,1,44,11,33,37
126,74,Small Loss,0,40,17,23,37
127,74,Small Loss,1,48,21,27,37
128,75,Small Loss,0,39,18,21,37
129,75,Small Loss,1,50,23,27,37
130,76,Small Loss,0,41,15,26,37
131,76,Small Loss,1,43,21,22,37
132,77,Small Loss,0,43,14,29,37
133,77,Small Loss,1,38,17,21,37
134,78,Small Loss,0,47,24,23,37
135,78,Small Loss,1,45,16,29,37
136,79,Small Loss,0,48,13,35,37
137,79,Small Loss,1,45,18,27,37
138,80,Small Loss,0,40,14,26,37
139,80,Small Loss,1,44,15,29,37
140,81,Small Loss,0,37,16,21,37
141,81,Small Loss,1,50,15,35,37
142,82,Small Loss,0,38,15,23,37
143,82,Small Loss,1,50,17,33,37
144,83,Small Loss,0,45,17,28,37
145,83,Small Loss,1,44,17,27,37
146,84,Small Loss,0,46,12,34,37
147,84,Small Loss,1,47,18,29,37
148,85,Small Loss,0,48,22,26,37
149,85,Small Loss,1,46,21,25,37
150,86,Small Loss,0,42,22,20,37
151,86,Small Loss,1,40,13,27,37
152,87,Small Loss,0,39,19,20,37
153,87,Small Loss,1,54,22,32,37
154,88,Small Loss,0,34,15,19,37
155,88,Small Loss,1,50,18,32,37
156,89,Small Loss,0,50,19,31,37
157,89,Small Loss,1,45,15,30,37
158,90,Small Loss,0,48,22,26,37
159,90,Small Loss,1,42,16,26,37
160,91,Small Loss,0,38,15,23,37
161,91,Small Loss,1,50,21,29,37
162,92,Small Loss,0,46,12,34,37
163,92,Small Loss,1,47,25,22,37
164,93,Small Loss,0,39,11,28,37
165,93,Small Loss,1,49,13,36,37
166,94,Small Loss,0,41,14,27,37
167,94,Small Loss,1,47,23,24,37
168,95,Small Loss,0,41,14,27,37
169,95,Small Loss,1,40,14,26,37
170,96,Small Loss,0,44,15,29,37
171,96,Small Loss,1,44,13,31,37
172,97,Small Loss,0,49,18,31,37
173,97,Small Loss,1,39,10,29,37
174,98,Small Loss,0,36,12,24,37
175,98,Small Loss,1,52,21,31,37
176,99,Small Loss,0,40,14,26,37
177,99,Small Loss,1,42,22,20,37
178,100,Small Loss,0,45,17,28,37
179,100,Small Loss,1,47,25,22,37
180,101,Small Loss,0,42,22,20,37
181,101,Small Loss,1,51,20,31,37
182,102,Small Loss,0,48,15,33,37
183,102,Small Loss,1,46,14,32,37
184,103,Small Loss,0,44,16,28,37
185,103,Small Loss,1,39,17,22,37
186,104,Small Loss,0,44,22,22,37
187,104,Small Loss,1,50,21,29,37
188,105,Small Loss,0,48,23,25,37
189,105,Small Loss,1,49,23,26,37
190,106,Small Loss,0,41,15,26,37
191,106,Small Loss,1,44,18,26,37
192,107,Small Loss,0,38,13,25,37
193,107,Small Loss,1,47,18,29,37
194,108,Small Loss,0,41,16,25,37
195,108,Small Loss,1,47,12,35,37
196,109,Small Loss,0,39,15,24,37
197,109,Small Loss,1,48,23,25,37
198,110,Small Loss,0,54,20,34,37
199,110,Small Loss,1,39,16,23,37
200,111,Small Loss,0,35,13,22,37
201,111,Small Loss,1,49,18,31,37
202,112,Small Loss,0,45,19,26,37
203,112,Small Loss,1,48,16,32,37
204,113,Small Loss,0,46,12,34,37
205,113,Small Loss,1,44,11,33,37
206,114,Small Loss,0,46,17,29,37
207,114,Small Loss,1,46,20,26,37
208,115,Small Loss,0,48,17,31,37
209,115,Small Loss,1,37,17,20,37
210,116,Small Loss,0,50,18,32,37
211,116,Small Loss,1,42,18,24,37
212,117,Small Loss,0,36,12,24,37
213,117,Small Loss,1,54,19,35,37
214,118,Small Loss,0,43,17,26,37
215,118,Small Loss,1,45,19,26,37
216,119,Small Loss,0,40,9,31,37
217,119,Small Loss,1,52,22,30,37
218,120,Small Loss,0,49,15,34,37
219,120,Small Loss,1,49,24,25,37
220,121,Small Loss,0,50,18,32,37
221,121,Small Loss,1,40,17,23,37
222,122,Small Loss,0,38,12,26,37
223,122,Small Loss,1,56,19,37,37
224,123,Small Loss,0,52,23,29,37
225,123,Small Loss,1,50,22,28,37
226,124,Small Loss,0,47,17,30,37
227,124,Small Loss,1,48,16,32,37
228,125,Small Loss,0,48,14,34,37
229,125,Small Loss,1,41,17,24,37
230,126,Small Loss,0,41,18,23,37
231,126,Small Loss,1,49,16,33,37
232,127,Small Loss,0,41,18,23,37
233,127,Small Loss,1,51,21,30,37
234,128,Small Loss,0,53,14,39,37
235,128,Small Loss,1,41,16,25,37
236,129,Small Loss,0,36,12,24,37
237,129,Small Loss,1,51,20,31,37
238,130,Small Loss,0,51,14,37,37
239,130,Small Loss,1,35,15,20,37
240,131,Small Loss,0,47,19,28,37
241,131,Small Loss,1,45,17,28,37
242,132,Small Loss,0,35,17,18,37
243,132,Small Loss,1,52,22,30,37
244,133,Small Loss,0,41,14,27,37
245,133,Small Loss,1,45,14,31,37
246,134,Small Loss,0,50,24,26,37
247,134,Small Loss,1,43,16,27,37
248,135,Small Loss,0,47,18,29,37
249,135,Small Loss,1,48,21,27,37
250,136,Small Loss,0,35,17,18,37
251,136,Small Loss,1,55,20,35,37
252,137,Small Loss,0,36,10,26,37
253,137,Small Loss,1,51,16,35,37
254,138,Small Loss,0,51,22,29,37
255,138,Small Loss,1,43,14,29,37
256,139,Small Loss,0,44,22,22,37
257,139,Small Loss,1,45,21,24,37
258,140,Small Loss,0,41,19,22,37
259,140,Small Loss,1,41,12,29,37
260,141,Small Loss,0,44,19,25,37
261,141,Small Loss,1,46,21,25,37
262,142,Small Loss,0,47,20,27,37
263,142,Small Loss,1,50,19,31,37
264,143,Small Loss,0,47,16,31,37
265,143,Small Loss,1,47,20,27,37
266,144,Small Loss,0,41,14,27,37
267,144,Small Loss,1,53,25,28,37
268,145,Small Loss,0,50,19,31,37
269,145,Small Loss,1,44,14,30,37
270,146,Small Loss,0,38,11,27,37
271,146,Small Loss,1,55,20,35,37
272,147,Small Loss,0,47,17,30,37
273,147,Small Loss,1,46,18,28,37
274,148,Small Loss,0,41,16,25,37
275,148,Small Loss,1,48,12,36,37
276,149,Small Loss,0,51,23,28,37
277,149,Small Loss,1,46,17,29,37
278,150,Small Loss,0,43,14,29,37
279,150,Small Loss,1,51,16,35,37
280,151,Small Loss,0,48,21,27,37
281,151,Small Loss,1,41,11,30,37
282,152,Small Loss,0,41,18,23,37
283,152,Small Loss,1,47,17,30,37
284,153,Small Loss,0,39,14,25,37
285,153,Small Loss,1,48,19,29,37
286,154,Small Loss,0,47,21,26,37
287,154,Small Loss,1,42,15,27,37
288,155,Small Loss,0,39,14,25,37
289,155,Small Loss,1,50,26,24,37
290,156,Small Loss,0,52,22,30,37
291,156,Small Loss,1,36,12,24,37
292,157,Small Loss,0,45,21,24,37
293,157,Small Loss,1,42,18,24,37
294,158,Small Loss,0,43,15,28,37
295,158,Small Loss,1,47,15,32,37
296,159,Small Loss,0,36,12,24,37
297,159,Small Loss,1,54,25,29,37
298,160,Small Loss,0,46,16,30,37
299,160,Small Loss,1,42,17,25,37
300,161,Small Loss,0,42,18,24,37
301,161,Small Loss,1,46,16,30,37
302,162,Small Loss,0,44,27,17,37
303,162,Small Loss,1,43,22,21,37
304,163,Small Loss,0,44,15,29,37
305,163,Small Loss,1,52,19,33,37
306,164,Small Loss,0,47,15,32,37
307,164,Small Loss,1,47,14,33,37
308,165,Small Loss,0,42,18,24,37
309,165,Small Loss,1,46,18,28,37
310,166,Small Loss,0,46,16,30,37
311,166,Small Loss,1,47,20,27,37
312,167,Small Loss,0,44,12,32,37
313,167,Small Loss,1,51,23,28,37
314,168,Small Loss,0,44,14,30,37
315,168,Small Loss,1,49,19,30,37
316,169,Small Loss,0,49,23,26,37
317,169,Small Loss,1,39,17,22,37
318,170,Small Loss,0,45,20,25,37
319,170,Small Loss,1,47,21,26,37
320,171,Small Loss,0,38,16,22,37
321,171,Small Loss,1,46,21,25,37
322,172,Small Loss,0,40,12,28,37
323,172,Small Loss,1,50,24,26,37
324,173,Small Loss,0,34,12,22,37
325,173,Small Loss,1,59,24,35,37
326,174,Small Loss,0,56,23,33,37
327,174,Small Loss,1,38,15,23,37
328,175,Small Loss,0,55,20,35,37
329,175,Small Loss,1,38,21,17,37
330,176,Small Loss,0,54,22,32,37
331,176,Small Loss,1,40,16,24,37
332,177,Small Loss,0,49,16,33,37
333,177,Small Loss,1,44,26,18,37
334,178,Small Loss,0,59,23,36,37
335,178,Small Loss,1,35,17,18,37
336,179,Small Loss,0,46,14,32,37
337,179,Small Loss,1,41,17,24,37
338,180,Small Loss,0,44,16,28,37
339,180,Small Loss,1,43,17,26,37
340,181,Small Loss,0,46,19,27,37
341,181,Small Loss,1,41,15,26,37
342,182,Small Loss,0,39,22,17,37
343,182,Small Loss,1,48,16,32,37
344,183,Small Loss,0,38,15,23,37
345,183,Small Loss,1,56,23,33,37
346,184,Small Loss,0,50,16,34,37
347,184,Small Loss,1,43,13,30,37
348,185,Small Loss,0,45,15,30,37
349,185,Small Loss,1,42,11,31,37
350,186,Small Loss,0,46,12,34,37
351,186,Small Loss,1,37,15,22,37
352,187,Small Loss,0,49,16,33,37
353,187,Small Loss,1,46,24,22,37
354,188,Small Loss,0,44,17,27,37
355,188,Small Loss,1,44,16,28,37
356,189,Small Loss,0,50,17,33,37
357,189,Small Loss,1,44,17,27,37
358,190,Small Loss,0,41,15,26,37
359,190,Small Loss,1,51,20,31,37
360,191,Small Loss,0,40,18,22,37
361,191,Small Loss,1,52,18,34,37
362,192,Small Loss,0,49,19,30,37
363,192,Small Loss,1,45,13,32,37
364,193,Small Loss,0,48,18,30,37
365,193,Small Loss,1,50,28,22,37
366,194,Small Loss,0,45,19,26,37
367,194,Small Loss,1,44,20,24,37
368,195,Small Loss,0,53,24,29,37
369,195,Small Loss,1,43,16,27,37
370,196,Small Loss,0,37,15,22,37
371,196,Small Loss,1,46,18,28,37
372,197,Small Loss,0,38,16,22,37
373,197,Small Loss,1,49,20,29,37
374,198,Small Loss,0,42,16,26,37
375,198,Small Loss,1,46,18,28,37
376,199,Small Loss,0,46,17,29,37
377,199,Small Loss,1,47,18,29,37
378,200,Small Loss,0,37,11,26,37
379,200,Small Loss,1,57,25,32,37
380,201,Small Loss,0,46,21,25,37
381,201,Small Loss,1,48,20,28,37
382,202,Small Loss,0,46,18,28,37
383,202,Small Loss,1,43,13,30,37
384,203,Small Loss,0,51,18,33,37
385,203,Small Loss,1,44,22,22,37
386,204,Small Loss,0,45,16,29,37
387,204,Small Loss,1,44,19,25,37
388,205,Small Loss,0,47,17,30,37
389,205,Small Loss,1,41,23,18,37
390,206,Small Loss,0,49,17,32,37
391,206,Small Loss,1,45,21,24,37
392,207,Small Loss,0,45,26,19,37
393,207,Small Loss,1,44,15,29,37
394,208,Small Loss,0,40,17,23,37
395,208,Small Loss,1,55,17,38,37
396,209,Small Loss,0,46,23,23,37
397,209,Small Loss,1,47,18,29,37
398,210,Small Loss,0,42,16,26,37
399,210,Small Loss,1,52,14,38,37
400,211,Small Loss,0,53,20,33,37
401,211,Small Loss,1,41,19,22,37
402,212,Small Loss,0,48,15,33,37
403,212,Small Loss,1,46,21,25,37
404,213,Small Loss,0,46,15,31,37
405,213,Small Loss,1,47,16,31,37
406,214,Small Loss,0,49,22,27,37
407,214,Small Loss,1,38,16,22,37
408,215,Small Loss,0,53,22,31,37
409,215,Small Loss,1,40,18,22,37
410,216,Small Loss,0,43,20,23,37
411,216,Small Loss,1,49,19,30,37
412,217,Small Loss,0,43,12,31,37
413,217,Small Loss,1,45,18,27,37
414,218,Small Loss,0,39,11,28,37
415,218,Small Loss,1,45,20,25,37
416,219,Small Loss,0,49,20,29,37
417,219,Small Loss,1,38,15,23,37
418,220,Small Loss,0,52,19,33,37
419,220,Small Loss,1,48,21,27,37
420,221,Small Loss,0,48,23,25,37
421,221,Small Loss,1,45,14,31,37
422,222,Small Loss,0,43,15,28,37
423,222,Small Loss,1,50,24,26,37
424,223,Small Loss,0,51,16,35,37
425,223,Small Loss,1,41,23,18,37
426,224,Small Loss,0,38,14,24,37
427,224,Small Loss,1,52,20,32,37
428,225,Small Loss,0,51,17,34,37
429,225,Small Loss,1,43,16,27,37
430,226,Small Loss,0,45,25,20,37
431,226,Small Loss,1,51,20,31,37
432,227,Small Loss,0,51,21,30,37
433,227,Small Loss,1,44,17,27,37
434,228,Small Loss,0,40,18,22,37
435,228,Small Loss,1,54,22,32,37
436,229,Small Loss,0,47,19,28,37
437,229,Small Loss,1,48,21,27,37
438,230,Small Loss,0,49,14,35,37
439,230,Small Loss,1,45,18,27,37
440,231,Small Loss,0,53,25,28,37
441,231,Small Loss,1,40,10,30,37
442,232,Small Loss,0,40,13,27,37
443,232,Small Loss,1,50,22,28,37
444,233,Small Loss,0,43,17,26,37
445,233,Small Loss,1,54,19,35,37
446,234,Small Loss,0,31,12,19,37
447,234,Small Loss,1,58,19,39,37
448,235,Small Loss,0,31,5,26,37
449,235,Small Loss,1,64,29,35,37
450,236,Small Loss,0,38,11,27,37
451,236,Small Loss,1,52,13,39,37
452,237,Small Loss,0,37,19,18,37
453,237,Small Loss,1,56,19,37,37
454,238,Small Loss,0,39,18,21,37
455,238,Small Loss,1,59,24,35,37
456,239,Small Loss,0,42,24,18,37
457,239,Small Loss,1,48,22,26,37
458,240,Small Loss,0,42,16,26,37
459,240,Small Loss,1,51,14,37,37
460,241,Small Loss,0,43,20,23,37
461,241,Small Loss,1,50,18,32,37
462,242,Small Loss,0,46,16,30,37
463,242,Small Loss,1,48,20,28,37
464,243,Small Loss,0,42,14,28,37
465,243,Small Loss,1,56,22,34,37
466,244,Small Loss,0,45,18,27,37
467,244,Small Loss,1,47,18,29,37
468,245,Small Loss,0,52,23,29,37
469,245,Small Loss,1,42,13,29,37
470,246,Small Loss,0,35,10,25,37
471,246,Small Loss,1,55,22,33,37
472,247,Small Loss,0,46,18,28,37
473,247,Small Loss,1,46,21,25,37
474,248,Small Loss,0,39,18,21,37
475,248,Small Loss,1,55,21,34,37
476,249,Small Loss,0,31,8,23,37
477,249,Small Loss,1,56,23,33,37
478,250,Small Loss,0,40,15,25,37
479,250,Small Loss,1,56,18,38,37
480,251,Small Loss,0,51,20,31,37
481,251,Small Loss,1,37,14,23,37
482,252,Small Loss,0,48,17,31,37
483,252,Small Loss,1,41,15,26,37
484,253,Small Loss,0,45,14,31,37
485,253,Small Loss,1,47,18,29,37
486,254,Small Loss,0,43,17,26,37
487,254,Small Loss,1,52,17,35,37
488,255,Small Loss,0,41,13,28,37
489,255,Small Loss,1,44,18,26,37
490,256,Small Loss,0,40,14,26,37
491,256,Small Loss,1,52,25,27,37
492,257,Small Loss,0,43,14,29,37
493,257,Small Loss,1,51,21,30,37
494,258,Small Loss,0,34,13,21,37
495,258,Small Loss,1,55,22,33,37
496,259,Small Loss,0,44,15,29,37
497,259,Small Loss,1,49,11,38,37
498,260,Small Loss,0,48,12,36,37
499,260,Small Loss,1,39,19,20,37
500,261,Small Loss,0,61,29,32,37
501,261,Small Loss,1,39,17,22,37
502,262,Small Loss,0,30,11,19,37
503,262,Small Loss,1,57,22,35,37
504,263,Small Loss,0,36,13,23,37
505,263,Small Loss,1,54,25,29,37
506,264,Small Loss,0,47,17,30,37
507,264,Small Loss,1,49,23,26,37
508,265,Small Loss,0,47,16,31,37
509,265,Small Loss,1,48,16,32,37
510,266,Small Loss,0,45,17,28,37
511,266,Small Loss,1,41,23,18,37
512,267,Small Loss,0,43,14,29,37
513,267,Small Loss,1,46,17,29,37
514,268,Small Loss,0,51,21,30,37
515,268,Small Loss,1,44,15,29,37
516,269,Small Loss,0,38,16,22,37
517,269,Small Loss,1,47,15,32,37
518,270,Small Loss,0,42,24,18,37
519,270,Small Loss,1,48,12,36,37
520,271,Small Loss,0,45,19,26,37
521,271,Small Loss,1,48,24,24,37
522,272,Small Loss,0,42,12,30,37
523,272,Small Loss,1,50,20,30,37
524,273,Small Loss,0,50,21,29,37
525,273,Small Loss,1,43,22,21,37
526,274,Small Loss,0,39,17,22,37
527,274,Small Loss,1,49,21,28,37
528,275,Small Loss,0,49,20,29,37
529,275,Small Loss,1,43,19,24,37
530,276,Small Loss,0,43,22,21,37
531,276,Small Loss,1,45,18,27,37
532,277,Small Loss,0,43,15,28,37
533,277,Small Loss,1,51,23,28,37
534,278,Small Loss,0,43,18,25,37
535,278,Small Loss,1,40,21,19,37
536,279,Small Loss,0,39,14,25,37
537,279,Small Loss,1,51,22,29,37
538,280,Small Loss,0,38,12,26,37
539,280,Small Loss,1,54,26,28,37
540,281,Small Loss,0,47,20,27,37
541,281,Small Loss,1,50,22,28,37
542,282,Small Loss,0,37,18,19,37
543,282,Small Loss,1,56,20,36,37
544,283,Small Loss,0,48,19,29,37
545,283,Small Loss,1,44,20,24,37
546,284,Small Loss,0,50,20,30,37
547,284,Small Loss,1,43,16,27,37
548,285,Small Loss,0,43,17,26,37
549,285,Small Loss,1,41,15,26,37
550,286,Small Loss,0,50,19,31,37
551,286,Small Loss,1,48,18,30,37
552,287,Small Loss,0,45,25,20,37
553,287,Small Loss,1,42,24,18,37
554,288,Small Loss,0,43,18,25,37
555,288,Small Loss,1,52,18,34,37
556,289,Small Loss,0,38,15,23,37
557,289,Small Loss,1,50,24,26,37
558,290,Small Loss,0,55,23,32,37
559,290,Small Loss,1,38,13,25,37
560,291,Small Loss,0,46,21,25,37
561,291,Small Loss,1,39,17,22,37
562,292,Small Loss,0,50,22,28,37
563,292,Small Loss,1,44,21,23,37
564,293,Small Loss,0,48,24,24,37
565,293,Small Loss,1,53,18,35,37
566,294,Small Loss,0,46,20,26,37
567,294,Small Loss,1,48,17,31,37
568,295,Small Loss,0,43,21,22,37
569,295,Small Loss,1,49,22,27,37
570,296,Small Loss,0,45,23,22,37
571,296,Small Loss,1,49,28,21,37
572,297,Small Loss,0,42,17,25,37
573,297,Small Loss,1,46,22,24,37
574,298,Small Loss,0,56,24,32,37
575,298,Small Loss,1,31,7,24,37
576,299,Small Loss,0,40,17,23,37
577,299,Small Loss,1,42,18,24,37
,epoch,method,label,total,TP,FP,seed
0,11,Small Loss,0,36,20,16,118
1,11,Small Loss,1,32,13,19,118
2,12,Small Loss,0,30,10,20,118
3,12,Small Loss,1,38,19,19,118
4,13,Small Loss,0,39,11,28,118
5,13,Small Loss,1,32,13,19,118
6,14,Small Loss,0,39,12,27,118
7,14,Small Loss,1,32,14,18,118
8,15,Small Loss,0,30,13,17,118
9,15,Small Loss,1,41,14,27,118
10,16,Small Loss,0,41,9,32,118
11,16,Small Loss,1,33,14,19,118
12,17,Small Loss,0,36,13,23,118
13,17,Small Loss,1,37,15,22,118
14,18,Small Loss,0,38,10,28,118
15,18,Small Loss,1,39,8,31,118
16,19,Small Loss,0,39,13,26,118
17,19,Small Loss,1,40,16,24,118
18,20,Small Loss,0,43,13,30,118
19,20,Small Loss,1,35,14,21,118
20,21,Small Loss,0,40,13,27,118
21,21,Small Loss,1,38,16,22,118
22,22,Small Loss,0,35,12,23,118
23,22,Small Loss,1,43,23,20,118
24,23,Small Loss,0,41,20,21,118
25,23,Small Loss,1,35,11,24,118
26,24,Small Loss,0,45,13,32,118
27,24,Small Loss,1,34,11,23,118
28,25,Small Loss,0,43,18,25,118
29,25,Small Loss,1,35,15,20,118
30,26,Small Loss,0,45,16,29,118
31,26,Small Loss,1,41,13,28,118
32,27,Small Loss,0,43,15,28,118
33,27,Small Loss,1,28,10,18,118
34,28,Small Loss,0,38,16,22,118
35,28,Small Loss,1,43,17,26,118
36,29,Small Loss,0,46,15,31,118
37,29,Small Loss,1,46,10,36,118
38,30,Small Loss,0,36,14,22,118
39,30,Small Loss,1,46,25,21,118
40,31,Small Loss,0,32,12,20,118
41,31,Small Loss,1,47,15,32,118
42,32,Small Loss,0,43,20,23,118
43,32,Small Loss,1,38,15,23,118
44,33,Small Loss,0,48,25,23,118
45,33,Small Loss,1,41,18,23,118
46,34,Small Loss,0,51,19,32,118
47,34,Small Loss,1,38,17,21,118
48,35,Small Loss,0,40,17,23,118
49,35,Small Loss,1,45,18,27,118
50,36,Small Loss,0,39,17,22,118
51,36,Small Loss,1,40,18,22,118
52,37,Small Loss,0,40,12,28,118
53,37,Small Loss,1,43,16,27,118
54,38,Small Loss,0,43,14,29,118
55,38,Small Loss,1,45,17,28,118
56,39,Small Loss,0,36,13,23,118
57,39,Small Loss,1,45,16,29,118
58,40,Small Loss,0,44,20,24,118
59,40,Small Loss,1,39,14,25,118
60,41,Small Loss,0,41,17,24,118
61,41,Small Loss,1,41,15,26,118
62,42,Small Loss,0,44,15,29,118
63,42,Small Loss,1,43,8,35,118
64,43,Small Loss,0,38,11,27,118
65,43,Small Loss,1,47,11,36,118
66,44,Small Loss,0,43,16,27,118
67,44,Small Loss,1,44,23,21,118
68,45,Small Loss,0,38,11,27,118
69,45,Small Loss,1,42,15,27,118
70,46,Small Loss,0,47,18,29,118
71,46,Small Loss,1,45,17,28,118
72,47,Small Loss,0,39,16,23,118
73,47,Small Loss,1,48,22,26,118
74,48,Small Loss,0,32,9,23,118
75,48,Small Loss,1,53,21,32,118
76,49,Small Loss,0,50,26,24,118
77,49,Small Loss,1,44,12,32,118
78,50,Small Loss,0,47,13,34,118
79,50,Small Loss,1,35,13,22,118
80,51,Small Loss,0,44,16,28,118
81,51,Small Loss,1,41,19,22,118
82,52,Small Loss,0,46,20,26,118
83,52,Small Loss,1,35,13,22,118
84,53,Small Loss,0,43,17,26,118
85,53,Small Loss,1,42,14,28,118
86,54,Small Loss,0,30,9,21,118
87,54,Small Loss,1,56,25,31,118
88,55,Small Loss,0,42,14,28,118
89,55,Small Loss,1,48,24,24,118
90,56,Small Loss,0,46,15,31,118
91,56,Small Loss,1,46,14,32,118
92,57,Small Loss,0,41,21,20,118
93,57,Small Loss,1,51,23,28,118
94,58,Small Loss,0,35,16,19,118
95,58,Small Loss,1,44,16,28,118
96,59,Small Loss,0,48,17,31,118
97,59,Small Loss,1,44,20,24,118
98,60,Small Loss,0,43,20,23,118
99,60,Small Loss,1,46,17,29,118
100,61,Small Loss,0,46,19,27,118
101,61,Small Loss,1,42,20,22,118
102,62,Small Loss,0,51,15,36,118
103,62,Small Loss,1,34,13,21,118
104,63,Small Loss,0,37,14,23,118
105,63,Small Loss,1,49,12,37,118
106,64,Small Loss,0,41,20,21,118
107,64,Small Loss,1,44,17,27,118
108,65,Small Loss,0,42,14,28,118
109,65,Small Loss,1,46,14,32,118
110,66,Small Loss,0,49,25,24,118
111,66,Small Loss,1,33,13,20,118
112,67,Small Loss,0,46,19,27,118
113,67,Small Loss,1,48,19,29,118
114,68,Small Loss,0,41,14,27,118
115,68,Small Loss,1,46,20,26,118
116,69,Small Loss,0,47,20,27,118
117,69,Small Loss,1,39,20,19,118
118,70,Small Loss,0,45,16,29,118
119,70,Small Loss,1,49,21,28,118
120,71,Small Loss,0,56,26,30,118
121,71,Small Loss,1,38,15,23,118
122,72,Small Loss,0,46,18,28,118
123,72,Small Loss,1,42,12,30,118
124,73,Small Loss,0,47,17,30,118
125,73,Small Loss,1,46,23,23,118
126,74,Small Loss,0,40,17,23,118
127,74,Small Loss,1,52,21,31,118
128,75,Small Loss,0,41,12,29,118
129,75,Small Loss,1,52,12,40,118
130,76,Small Loss,0,39,13,26,118
131,76,Small Loss,1,42,17,25,118
132,77,Small Loss,0,37,16,21,118
133,77,Small Loss,1,48,20,28,118
134,78,Small Loss,0,52,21,31,118
135,78,Small Loss,1,37,16,21,118
136,79,Small Loss,0,50,19,31,118
137,79,Small Loss,1,38,13,25,118
138,80,Small Loss,0,46,18,28,118
139,80,Small Loss,1,40,19,21,118
140,81,Small Loss,0,43,9,34,118
141,81,Small Loss,1,51,27,24,118
142,82,Small Loss,0,54,22,32,118
143,82,Small Loss,1,43,13,30,118
144,83,Small Loss,0,36,18,18,118
145,83,Small Loss,1,52,20,32,118
146,84,Small Loss,0,40,19,21,118
147,84,Small Loss,1,49,24,25,118
148,85,Small Loss,0,37,12,25,118
149,85,Small Loss,1,43,19,24,118
150,86,Small Loss,0,47,21,26,118
151,86,Small Loss,1,53,23,30,118
152,87,Small Loss,0,49,21,28,118
153,87,Small Loss,1,45,17,28,118
154,88,Small Loss,0,35,9,26,118
155,88,Small Loss,1,55,16,39,118
156,89,Small Loss,0,53,24,29,118
157,89,Small Loss,1,40,14,26,118
158,90,Small Loss,0,35,12,23,118
159,90,Small Loss,1,54,26,28,118
160,91,Small Loss,0,43,12,31,118
161,91,Small Loss,1,37,11,26,118
162,92,Small Loss,0,34,21,13,118
163,92,Small Loss,1,58,20,38,118
164,93,Small Loss,0,43,16,27,118
165,93,Small Loss,1,42,13,29,118
166,94,Small Loss,0,35,16,19,118
167,94,Small Loss,1,49,17,32,118
168,95,Small Loss,0,47,16,31,118
169,95,Small Loss,1,46,15,31,118
170,96,Small Loss,0,47,22,25,118
171,96,Small Loss,1,38,16,22,118
172,97,Small Loss,0,44,17,27,118
173,97,Small Loss,1,41,13,28,118
174,98,Small Loss,0,47,17,30,118
175,98,Small Loss,1,39,16,23,118
176,99,Small Loss,0,44,19,25,118
177,99,Small Loss,1,36,11,25,118
178,100,Small Loss,0,41,11,30,118
179,100,Small Loss,1,46,18,28,118
180,101,Small Loss,0,47,26,21,118
181,101,Small Loss,1,46,16,30,118
182,102,Small Loss,0,54,23,31,118
183,102,Small Loss,1,40,18,22,118
184,103,Small Loss,0,37,16,21,118
185,103,Small Loss,1,57,24,33,118
186,104,Small Loss,0,47,20,27,118
187,104,Small Loss,1,40,10,30,118
188,105,Small Loss,0,50,16,34,118
189,105,Small Loss,1,40,12,28,118
190,106,Small Loss,0,33,14,19,118
191,106,Small Loss,1,57,15,42,118
192,107,Small Loss,0,46,18,28,118
193,107,Small Loss,1,48,18,30,118
194,108,Small Loss,0,41,15,26,118
195,108,Small Loss,1,53,25,28,118
196,109,Small Loss,0,51,18,33,118
197,109,Small Loss,1,38,17,21,118
198,110,Small Loss,0,40,12,28,118
199,110,Small Loss,1,50,18,32,118
200,111,Small Loss,0,41,14,27,118
201,111,Small Loss,1,45,19,26,118
202,112,Small Loss,0,38,14,24,118
203,112,Small Loss,1,51,26,25,118
204,113,Small Loss,0,49,20,29,118
205,113,Small Loss,1,46,18,28,118
206,114,Small Loss,0,51,20,31,118
207,114,Small Loss,1,39,13,26,118
208,115,Small Loss,0,49,21,28,118
209,115,Small Loss,1,45,22,23,118
210,116,Small Loss,0,56,14,42,118
211,116,Small Loss,1,40,14,26,118
212,117,Small Loss,0,49,23,26,118
213,117,Small Loss,1,47,14,33,118
214,118,Small Loss,0,40,13,27,118
215,118,Small Loss,1,40,15,25,118
216,119,Small Loss,0,40,14,26,118
217,119,Small Loss,1,54,23,31,118
218,120,Small Loss,0,51,26,25,118
219,120,Small Loss,1,44,16,28,118
220,121,Small Loss,0,41,17,24,118
221,121,Small Loss,1,52,16,36,118
222,122,Small Loss,0,37,14,23,118
223,122,Small Loss,1,53,23,30,118
224,123,Small Loss,0,48,18,30,118
225,123,Small Loss,1,44,18,26,118
226,124,Small Loss,0,38,16,22,118
227,124,Small Loss,1,46,16,30,118
228,125,Small Loss,0,42,18,24,118
229,125,Small Loss,1,46,17,29,118
230,126,Small Loss,0,50,19,31,118
231,126,Small Loss,1,44,15,29,118
232,127,Small Loss,0,49,22,27,118
233,127,Small Loss,1,49,17,32,118
234,128,Small Loss,0,45,20,25,118
235,128,Small Loss,1,40,19,21,118
236,129,Small Loss,0,42,12,30,118
237,129,Small Loss,1,48,17,31,118
238,130,Small Loss,0,48,18,30,118
239,130,Small Loss,1,44,19,25,118
240,131,Small Loss,0,42,14,28,118
241,131,Small Loss,1,48,15,33,118
242,132,Small Loss,0,36,13,23,118
243,132,Small Loss,1,58,25,33,118
244,133,Small Loss,0,56,24,32,118
245,133,Small Loss,1,33,14,19,118
246,134,Small Loss,0,38,13,25,118
247,134,Small Loss,1,47,23,24,118
248,135,Small Loss,0,45,22,23,118
249,135,Small Loss,1,49,18,31,118
250,136,Small Loss,0,44,20,24,118
251,136,Small Loss,1,42,13,29,118
252,137,Small Loss,0,42,20,22,118
253,137,Small Loss,1,43,14,29,118
254,138,Small Loss,0,46,17,29,118
255,138,Small Loss,1,46,20,26,118
256,139,Small Loss,0,37,13,24,118
257,139,Small Loss,1,53,17,36,118
258,140,Small Loss,0,42,17,25,118
259,140,Small Loss,1,53,22,31,118
260,141,Small Loss,0,41,11,30,118
261,141,Small Loss,1,47,15,32,118
262,142,Small Loss,0,49,24,25,118
263,142,Small Loss,1,37,13,24,118
264,143,Small Loss,0,39,16,23,118
265,143,Small Loss,1,49,20,29,118
266,144,Small Loss,0,41,12,29,118
267,144,Small Loss,1,47,16,31,118
268,145,Small Loss,0,44,18,26,118
269,145,Small Loss,1,42,21,21,118
270,146,Small Loss,0,46,19,27,118
271,146,Small Loss,1,50,21,29,118
272,147,Small Loss,0,40,18,22,118
273,147,Small Loss,1,52,23,29,118
274,148,Small Loss,0,44,16,28,118
275,148,Small Loss,1,51,17,34,118
276,149,Small Loss,0,48,14,34,118
277,149,Small Loss,1,42,15,27,118
278,150,Small Loss,0,45,18,27,118
279,150,Small Loss,1,49,20,29,118
280,151,Small Loss,0,42,10,32,118
281,151,Small Loss,1,42,16,26,118
282,152,Small Loss,0,40,20,20,118
283,152,Small Loss,1,50,15,35,118
284,153,Small Loss,0,35,13,22,118
285,153,Small Loss,1,51,18,33,118
286,154,Small Loss,0,47,20,27,118
287,154,Small Loss,1,45,19,26,118
288,155,Small Loss,0,40,15,25,118
289,155,Small Loss,1,44,15,29,118
290,156,Small Loss,0,36,15,21,118
291,156,Small Loss,1,53,17,36,118
292,157,Small Loss,0,44,22,22,118
293,157,Small Loss,1,50,13,37,118
294,158,Small Loss,0,44,13,31,118
295,158,Small Loss,1,43,16,27,118
296,159,Small Loss,0,50,19,31,118
297,159,Small Loss,1,44,18,26,118
298,160,Small Loss,0,49,21,28,118
299,160,Small Loss,1,40,19,21,118
300,161,Small Loss,0,48,11,37,118
301,161,Small Loss,1,41,13,28,118
302,162,Small Loss,0,45,20,25,118
303,162,Small Loss,1,49,18,31,118
304,163,Small Loss,0,47,17,30,118
305,163,Small Loss,1,47,14,33,118
306,164,Small Loss,0,47,21,26,118
307,164,Small Loss,1,46,19,27,118
308,165,Small Loss,0,49,22,27,118
309,165,Small Loss,1,36,8,28,118
310,166,Small Loss,0,44,21,23,118
311,166,Small Loss,1,46,17,29,118
312,167,Small Loss,0,43,16,27,118
313,167,Small Loss,1,50,14,36,118
314,168,Small Loss,0,48,20,28,118
315,168,Small Loss,1,45,17,28,118
316,169,Small Loss,0,47,16,31,118
317,169,Small Loss,1,43,16,27,118
318,170,Small Loss,0,40,11,29,118
319,170,Small Loss,1,45,8,37,118
320,171,Small Loss,0,47,18,29,118
321,171,Small Loss,1,46,15,31,118
322,172,Small Loss,0,40,15,25,118
323,172,Small Loss,1,50,16,34,118
324,173,Small Loss,0,46,18,28,118
325,173,Small Loss,1,41,17,24,118
326,174,Small Loss,0,53,23,30,118
327,174,Small Loss,1,41,23,18,118
328,175,Small Loss,0,51,24,27,118
329,175,Small Loss,1,45,17,28,118
330,176,Small Loss,0,46,26,20,118
331,176,Small Loss,1,46,21,25,118
332,177,Small Loss,0,46,18,28,118
333,177,Small Loss,1,44,16,28,118
334,178,Small Loss,0,48,17,31,118
335,178,Small Loss,1,42,15,27,118
336,179,Small Loss,0,36,15,21,118
337,179,Small Loss,1,51,21,30,118
338,180,Small Loss,0,57,25,32,118
339,180,Small Loss,1,36,16,20,118
340,181,Small Loss,0,51,20,31,118
341,181,Small Loss,1,44,16,28,118
342,182,Small Loss,0,47,26,21,118
343,182,Small Loss,1,43,26,17,118
344,183,Small Loss,0,50,22,28,118
345,183,Small Loss,1,40,17,23,118
346,184,Small Loss,0,38,13,25,118
347,184,Small Loss,1,54,23,31,118
348,185,Small Loss,0,43,17,26,118
349,185,Small Loss,1,49,23,26,118
350,186,Small Loss,0,46,14,32,118
351,186,Small Loss,1,49,22,27,118
352,187,Small Loss,0,39,13,26,118
353,187,Small Loss,1,51,27,24,118
354,188,Small Loss,0,40,15,25,118
355,188,Small Loss,1,54,17,37,118
356,189,Small Loss,0,52,18,34,118
357,189,Small Loss,1,43,16,27,118
358,190,Small Loss,0,58,20,38,118
359,190,Small Loss,1,35,14,21,118
360,191,Small Loss,0,52,25,27,118
361,191,Small Loss,1,42,19,23,118
362,192,Small Loss,0,51,18,33,118
363,192,Small Loss,1,46,10,36,118
364,193,Small Loss,0,43,16,27,118
365,193,Small Loss,1,44,11,33,118
366,194,Small Loss,0,42,16,26,118
367,194,Small Loss,1,55,19,36,118
368,195,Small Loss,0,44,25,19,118
369,195,Small Loss,1,40,14,26,118
370,196,Small Loss,0,47,20,27,118
371,196,Small Loss,1,46,23,23,118
372,197,Small Loss,0,45,16,29,118
373,197,Small Loss,1,43,13,30,118
374,198,Small Loss,0,47,20,27,118
375,198,Small Loss,1,37,18,19,118
376,199,Small Loss,0,39,10,29,118
377,199,Small Loss,1,57,16,41,118
378,200,Small Loss,0,46,18,28,118
379,200,Small Loss,1,38,15,23,118
380,201,Small Loss,0,38,16,22,118
381,201,Small Loss,1,54,24,30,118
382,202,Small Loss,0,49,11,38,118
383,202,Small Loss,1,48,17,31,118
384,203,Small Loss,0,50,15,35,118
385,203,Small Loss,1,44,11,33,118
386,204,Small Loss,0,51,22,29,118
387,204,Small Loss,1,39,17,22,118
388,205,Small Loss,0,47,24,23,118
389,205,Small Loss,1,47,17,30,118
390,206,Small Loss,0,40,11,29,118
391,206,Small Loss,1,46,17,29,118
392,207,Small Loss,0,44,17,27,118
393,207,Small Loss,1,51,19,32,118
394,208,Small Loss,0,47,22,25,118
395,208,Small Loss,1,47,19,28,118
396,209,Small Loss,0,46,16,30,118
397,209,Small Loss,1,41,11,30,118
398,210,Small Loss,0,37,19,18,118
399,210,Small Loss,1,50,13,37,118
400,211,Small Loss,0,52,17,35,118
401,211,Small Loss,1,41,21,20,118
402,212,Small Loss,0,41,12,29,118
403,212,Small Loss,1,43,17,26,118
404,213,Small Loss,0,52,22,30,118
405,213,Small Loss,1,40,16,24,118
406,214,Small Loss,0,45,18,27,118
407,214,Small Loss,1,49,16,33,118
408,215,Small Loss,0,50,20,30,118
409,215,Small Loss,1,39,9,30,118
410,216,Small Loss,0,38,16,22,118
411,216,Small Loss,1,46,16,30,118
412,217,Small Loss,0,48,17,31,118
413,217,Small Loss,1,49,17,32,118
414,218,Small Loss,0,50,25,25,118
415,218,Small Loss,1,40,14,26,118
416,219,Small Loss,0,44,18,26,118
417,219,Small Loss,1,43,13,30,118
418,220,Small Loss,0,48,17,31,118
419,220,Small Loss,1,39,14,25,118
420,221,Small Loss,0,47,19,28,118
421,221,Small Loss,1,45,11,34,118
422,222,Small Loss,0,49,22,27,118
423,222,Small Loss,1,45,15,30,118
424,223,Small Loss,0,45,15,30,118
425,223,Small Loss,1,49,20,29,118
426,224,Small Loss,0,42,18,24,118
427,224,Small Loss,1,44,18,26,118
428,225,Small Loss,0,44,16,28,118
429,225,Small Loss,1,52,21,31,118
430,226,Small Loss,0,42,15,27,118
431,226,Small Loss,1,50,20,30,118
432,227,Small Loss,0,51,20,31,118
433,227,Small Loss,1,37,13,24,118
434,228,Small Loss,0,48,23,25,118
435,228,Small Loss,1,41,17,24,118
436,229,Small Loss,0,49,19,30,118
437,229,Small Loss,1,43,17,26,118
438,230,Small Loss,0,48,14,34,118
439,230,Small Loss,1,46,17,29,118
440,231,Small Loss,0,40,13,27,118
441,231,Small Loss,1,50,23,27,118
442,232,Small Loss,0,35,15,20,118
443,232,Small Loss,1,54,25,29,118
444,233,Small Loss,0,39,18,21,118
445,233,Small Loss,1,53,17,36,118
446,234,Small Loss,0,52,19,33,118
447,234,Small Loss,1,42,13,29,118
448,235,Small Loss,0,42,19,23,118
449,235,Small Loss,1,52,19,33,118
450,236,Small Loss,0,51,23,28,118
451,236,Small Loss,1,42,11,31,118
452,237,Small Loss,0,55,19,36,118
453,237,Small Loss,1,43,15,28,118
454,238,Small Loss,0,40,17,23,118
455,238,Small Loss,1,54,22,32,118
456,239,Small Loss,0,52,22,30,118
457,239,Small Loss,1,42,14,28,118
458,240,Small Loss,0,42,15,27,118
459,240,Small Loss,1,52,26,26,118
460,241,Small Loss,0,58,20,38,118
461,241,Small Loss,1,40,13,27,118
462,242,Small Loss,0,49,17,32,118
463,242,Small Loss,1,39,16,23,118
464,243,Small Loss,0,41,15,26,118
465,243,Small Loss,1,51,22,29,118
466,244,Small Loss,0,45,12,33,118
467,244,Small Loss,1,52,18,34,118
468,245,Small Loss,0,44,18,26,118
469,245,Small Loss,1,49,22,27,118
470,246,Small Loss,0,48,17,31,118
471,246,Small Loss,1,42,17,25,118
472,247,Small Loss,0,50,19,31,118
473,247,Small Loss,1,40,17,23,118
474,248,Small Loss,0,48,21,27,118
475,248,Small Loss,1,42,17,25,118
476,249,Small Loss,0,39,12,27,118
477,249,Small Loss,1,59,31,28,118
478,250,Small Loss,0,55,29,26,118
479,250,Small Loss,1,39,12,27,118
480,251,Small Loss,0,44,12,32,118
481,251,Small Loss,1,50,22,28,118
482,252,Small Loss,0,43,13,30,118
483,252,Small Loss,1,53,31,22,118
484,253,Small Loss,0,49,21,28,118
485,253,Small Loss,1,45,20,25,118
486,254,Small Loss,0,43,15,28,118
487,254,Small Loss,1,47,21,26,118
488,255,Small Loss,0,37,15,22,118
489,255,Small Loss,1,52,16,36,118
490,256,Small Loss,0,47,20,27,118
491,256,Small Loss,1,40,18,22,118
492,257,Small Loss,0,47,20,27,118
493,257,Small Loss,1,39,11,28,118
494,258,Small Loss,0,52,20,32,118
495,258,Small Loss,1,42,16,26,118
496,259,Small Loss,0,47,13,34,118
497,259,Small Loss,1,47,14,33,118
498,260,Small Loss,0,49,18,31,118
499,260,Small Loss,1,40,10,30,118
500,261,Small Loss,0,46,13,33,118
501,261,Small Loss,1,52,29,23,118
502,262,Small Loss,0,45,20,25,118
503,262,Small Loss,1,50,23,27,118
504,263,Small Loss,0,43,16,27,118
505,263,Small Loss,1,51,26,25,118
506,264,Small Loss,0,47,11,36,118
507,264,Small Loss,1,45,14,31,118
508,265,Small Loss,0,46,20,26,118
509,265,Small Loss,1,49,20,29,118
510,266,Small Loss,0,45,17,28,118
511,266,Small Loss,1,42,17,25,118
512,267,Small Loss,0,51,22,29,118
513,267,Small Loss,1,43,18,25,118
514,268,Small Loss,0,42,17,25,118
515,268,Small Loss,1,50,20,30,118
516,269,Small Loss,0,46,17,29,118
517,269,Small Loss,1,49,17,32,118
518,270,Small Loss,0,44,16,28,118
519,270,Small Loss,1,49,24,25,118
520,271,Small Loss,0,51,18,33,118
521,271,Small Loss,1,45,23,22,118
522,272,Small Loss,0,45,13,32,118
523,272,Small Loss,1,45,17,28,118
524,273,Small Loss,0,45,19,26,118
525,273,Small Loss,1,45,20,25,118
526,274,Small Loss,0,52,24,28,118
527,274,Small Loss,1,38,16,22,118
528,275,Small Loss,0,42,12,30,118
529,275,Small Loss,1,51,18,33,118
530,276,Small Loss,0,44,17,27,118
531,276,Small Loss,1,44,16,28,118
532,277,Small Loss,0,44,14,30,118
533,277,Small Loss,1,50,21,29,118
534,278,Small Loss,0,39,11,28,118
535,278,Small Loss,1,55,21,34,118
536,279,Small Loss,0,39,11,28,118
537,279,Small Loss,1,53,21,32,118
538,280,Small Loss,0,49,22,27,118
539,280,Small Loss,1,46,17,29,118
540,281,Small Loss,0,43,18,25,118
541,281,Small Loss,1,51,16,35,118
542,282,Small Loss,0,53,21,32,118
543,282,Small Loss,1,34,10,24,118
544,283,Small Loss,0,45,15,30,118
545,283,Small Loss,1,50,20,30,118
546,284,Small Loss,0,40,16,24,118
547,284,Small Loss,1,44,14,30,118
548,285,Small Loss,0,46,16,30,118
549,285,Small Loss,1,41,20,21,118
550,286,Small Loss,0,43,17,26,118
551,286,Small Loss,1,47,18,29,118
552,287,Small Loss,0,34,17,17,118
553,287,Small Loss,1,60,23,37,118
554,288,Small Loss,0,39,16,23,118
555,288,Small Loss,1,54,25,29,118
556,289,Small Loss,0,48,14,34,118
557,289,Small Loss,1,42,16,26,118
558,290,Small Loss,0,40,21,19,118
559,290,Small Loss,1,43,20,23,118
560,291,Small Loss,0,50,21,29,118
561,291,Small Loss,1,43,19,24,118
562,292,Small Loss,0,49,21,28,118
563,292,Small Loss,1,44,13,31,118
564,293,Small Loss,0,43,15,28,118
565,293,Small Loss,1,51,19,32,118
566,294,Small Loss,0,51,23,28,118
567,294,Small Loss,1,43,21,22,118
568,295,Small Loss,0,50,26,24,118
569,295,Small Loss,1,44,12,32,118
570,296,Small Loss,0,44,15,29,118
571,296,Small Loss,1,45,18,27,118
572,297,Small Loss,0,47,15,32,118
573,297,Small Loss,1,46,17,29,118
574,298,Small Loss,0,46,15,31,118
575,298,Small Loss,1,52,22,30,118
576,299,Small Loss,0,37,19,18,118
577,299,Small Loss,1,50,18,32,118
,epoch,method,label,total,TP,FP,seed
0,11,Small Loss,0,24,10,14,337
1,11,Small Loss,1,38,8,30,337
2,12,Small Loss,0,34,11,23,337
3,12,Small Loss,1,33,12,21,337
4,13,Small Loss,0,35,12,23,337
5,13,Small Loss,1,34,13,21,337
6,14,Small Loss,0,38,15,23,337
7,14,Small Loss,1,30,16,14,337
8,15,Small Loss,0,36,17,19,337
9,15,Small Loss,1,34,8,26,337
10,16,Small Loss,0,31,17,14,337
11,16,Small Loss,1,43,15,28,337
12,17,Small Loss,0,40,14,26,337
13,17,Small Loss,1,36,17,19,337
14,18,Small Loss,0,39,11,28,337
15,18,Small Loss,1,33,10,23,337
16,19,Small Loss,0,37,11,26,337
17,19,Small Loss,1,40,16,24,337
18,20,Small Loss,0,36,12,24,337
19,20,Small Loss,1,41,14,27,337
20,21,Small Loss,0,39,16,23,337
21,21,Small Loss,1,40,19,21,337
22,22,Small Loss,0,44,17,27,337
23,22,Small Loss,1,33,7,26,337
24,23,Small Loss,0,38,13,25,337
25,23,Small Loss,1,45,16,29,337
26,24,Small Loss,0,33,10,23,337
27,24,Small Loss,1,46,19,27,337
28,25,Small Loss,0,46,10,36,337
29,25,Small Loss,1,35,10,25,337
30,26,Small Loss,0,40,18,22,337
31,26,Small Loss,1,40,17,23,337
32,27,Small Loss,0,40,13,27,337
33,27,Small Loss,1,39,15,24,337
34,28,Small Loss,0,48,17,31,337
35,28,Small Loss,1,33,12,21,337
36,29,Small Loss,0,43,11,32,337
37,29,Small Loss,1,39,15,24,337
38,30,Small Loss,0,44,16,28,337
39,30,Small Loss,1,35,12,23,337
40,31,Small Loss,0,41,13,28,337
41,31,Small Loss,1,40,18,22,337
42,32,Small Loss,0,40,13,27,337
43,32,Small Loss,1,41,17,24,337
44,33,Small Loss,0,42,13,29,337
45,33,Small Loss,1,40,12,28,337
46,34,Small Loss,0,41,19,22,337
47,34,Small Loss,1,43,16,27,337
48,35,Small Loss,0,47,16,31,337
49,35,Small Loss,1,42,18,24,337
50,36,Small Loss,0,45,18,27,337
51,36,Small Loss,1,37,15,22,337
52,37,Small Loss,0,41,19,22,337
53,37,Small Loss,1,32,16,16,337
54,38,Small Loss,0,39,18,21,337
55,38,Small Loss,1,46,14,32,337
56,39,Small Loss,0,40,18,22,337
57,39,Small Loss,1,41,19,22,337
58,40,Small Loss,0,35,13,22,337
59,40,Small Loss,1,53,25,28,337
60,41,Small Loss,0,49,17,32,337
61,41,Small Loss,1,38,13,25,337
62,42,Small Loss,0,39,14,25,337
63,42,Small Loss,1,39,17,22,337
64,43,Small Loss,0,50,17,33,337
65,43,Small Loss,1,43,13,30,337
66,44,Small Loss,0,46,16,30,337
67,44,Small Loss,1,43,17,26,337
68,45,Small Loss,0,53,29,24,337
69,45,Small Loss,1,33,10,23,337
70,46,Small Loss,0,39,19,20,337
71,46,Small Loss,1,44,19,25,337
72,47,Small Loss,0,39,17,22,337
73,47,Small Loss,1,50,17,33,337
74,48,Small Loss,0,58,24,34,337
75,48,Small Loss,1,35,13,22,337
76,49,Small Loss,0,44,17,27,337
77,49,Small Loss,1,44,12,32,337
78,50,Small Loss,0,34,13,21,337
79,50,Small Loss,1,52,23,29,337
80,51,Small Loss,0,50,18,32,337
81,51,Small Loss,1,36,15,21,337
82,52,Small Loss,0,41,17,24,337
83,52,Small Loss,1,48,23,25,337
84,53,Small Loss,0,45,18,27,337
85,53,Small Loss,1,36,12,24,337
86,54,Small Loss,0,36,11,25,337
87,54,Small Loss,1,45,18,27,337
88,55,Small Loss,0,42,14,28,337
89,55,Small Loss,1,36,15,21,337
90,56,Small Loss,0,41,14,27,337
91,56,Small Loss,1,42,16,26,337
92,57,Small Loss,0,43,17,26,337
93,57,Small Loss,1,45,20,25,337
94,58,Small Loss,0,40,17,23,337
95,58,Small Loss,1,50,19,31,337
96,59,Small Loss,0,48,13,35,337
97,59,Small Loss,1,39,18,21,337
98,60,Small Loss,0,41,17,24,337
99,60,Small Loss,1,48,17,31,337
100,61,Small Loss,0,43,22,21,337
101,61,Small Loss,1,44,18,26,337
102,62,Small Loss,0,43,17,26,337
103,62,Small Loss,1,49,19,30,337
104,63,Small Loss,0,40,12,28,337
105,63,Small Loss,1,50,17,33,337
106,64,Small Loss,0,46,17,29,337
107,64,Small Loss,1,44,21,23,337
108,65,Small Loss,0,51,21,30,337
109,65,Small Loss,1,36,19,17,337
110,66,Small Loss,0,44,20,24,337
111,66,Small Loss,1,42,12,30,337
112,67,Small Loss,0,38,13,25,337
113,67,Small Loss,1,44,9,35,337
114,68,Small Loss,0,54,19,35,337
115,68,Small Loss,1,41,13,28,337
116,69,Small Loss,0,42,14,28,337
117,69,Small Loss,1,42,14,28,337
118,70,Small Loss,0,45,13,32,337
119,70,Small Loss,1,48,20,28,337
120,71,Small Loss,0,39,18,21,337
121,71,Small Loss,1,50,20,30,337
122,72,Small Loss,0,48,20,28,337
123,72,Small Loss,1,45,15,30,337
124,73,Small Loss,0,43,18,25,337
125,73,Small Loss,1,41,11,30,337
126,74,Small Loss,0,46,17,29,337
127,74,Small Loss,1,39,13,26,337
128,75,Small Loss,0,45,18,27,337
129,75,Small Loss,1,49,22,27,337
130,76,Small Loss,0,56,17,39,337
131,76,Small Loss,1,31,16,15,337
132,77,Small Loss,0,45,19,26,337
133,77,Small Loss,1,52,22,30,337
134,78,Small Loss,0,51,15,36,337
135,78,Small Loss,1,39,15,24,337
136,79,Small Loss,0,50,19,31,337
137,79,Small Loss,1,40,17,23,337
138,80,Small Loss,0,47,18,29,337
139,80,Small Loss,1,39,21,18,337
140,81,Small Loss,0,40,16,24,337
141,81,Small Loss,1,47,21,26,337
142,82,Small Loss,0,48,19,29,337
143,82,Small Loss,1,45,16,29,337
144,83,Small Loss,0,49,24,25,337
145,83,Small Loss,1,39,21,18,337
146,84,Small Loss,0,38,14,24,337
147,84,Small Loss,1,51,16,35,337
148,85,Small Loss,0,44,21,23,337
149,85,Small Loss,1,41,18,23,337
150,86,Small Loss,0,52,29,23,337
151,86,Small Loss,1,40,16,24,337
152,87,Small Loss,0,43,18,25,337
153,87,Small Loss,1,45,14,31,337
154,88,Small Loss,0,41,15,26,337
155,88,Small Loss,1,52,19,33,337
156,89,Small Loss,0,48,14,34,337
157,89,Small Loss,1,46,13,33,337
158,90,Small Loss,0,32,16,16,337
159,90,Small Loss,1,52,15,37,337
160,91,Small Loss,0,52,23,29,337
161,91,Small Loss,1,46,11,35,337
162,92,Small Loss,0,43,11,32,337
163,92,Small Loss,1,52,14,38,337
164,93,Small Loss,0,41,13,28,337
165,93,Small Loss,1,51,23,28,337
166,94,Small Loss,0,50,25,25,337
167,94,Small Loss,1,40,19,21,337
168,95,Small Loss,0,57,23,34,337
169,95,Small Loss,1,35,15,20,337
170,96,Small Loss,0,43,16,27,337
171,96,Small Loss,1,47,21,26,337
172,97,Small Loss,0,39,13,26,337
173,97,Small Loss,1,46,19,27,337
174,98,Small Loss,0,45,15,30,337
175,98,Small Loss,1,52,22,30,337
176,99,Small Loss,0,41,17,24,337
177,99,Small Loss,1,51,18,33,337
178,100,Small Loss,0,45,20,25,337
179,100,Small Loss,1,45,18,27,337
180,101,Small Loss,0,50,25,25,337
181,101,Small Loss,1,39,12,27,337
182,102,Small Loss,0,54,18,36,337
183,102,Small Loss,1,34,14,20,337
184,103,Small Loss,0,43,16,27,337
185,103,Small Loss,1,50,23,27,337
186,104,Small Loss,0,44,18,26,337
187,104,Small Loss,1,52,19,33,337
188,105,Small Loss,0,51,17,34,337
189,105,Small Loss,1,39,13,26,337
190,106,Small Loss,0,44,23,21,337
191,106,Small Loss,1,49,20,29,337
192,107,Small Loss,0,41,16,25,337
193,107,Small Loss,1,46,16,30,337
194,108,Small Loss,0,43,13,30,337
195,108,Small Loss,1,47,21,26,337
196,109,Small Loss,0,43,12,31,337
197,109,Small Loss,1,52,27,25,337
198,110,Small Loss,0,39,18,21,337
199,110,Small Loss,1,48,22,26,337
200,111,Small Loss,0,49,20,29,337
201,111,Small Loss,1,41,18,23,337
202,112,Small Loss,0,40,10,30,337
203,112,Small Loss,1,50,18,32,337
204,113,Small Loss,0,46,20,26,337
205,113,Small Loss,1,43,19,24,337
206,114,Small Loss,0,38,15,23,337
207,114,Small Loss,1,56,21,35,337
208,115,Small Loss,0,37,15,22,337
209,115,Small Loss,1,51,20,31,337
210,116,Small Loss,0,46,22,24,337
211,116,Small Loss,1,44,13,31,337
212,117,Small Loss,0,48,24,24,337
213,117,Small Loss,1,47,20,27,337
214,118,Small Loss,0,43,17,26,337
215,118,Small Loss,1,46,19,27,337
216,119,Small Loss,0,55,23,32,337
217,119,Small Loss,1,42,17,25,337
218,120,Small Loss,0,42,22,20,337
219,120,Small Loss,1,44,13,31,337
220,121,Small Loss,0,42,17,25,337
221,121,Small Loss,1,52,19,33,337
222,122,Small Loss,0,42,20,22,337
223,122,Small Loss,1,52,19,33,337
224,123,Small Loss,0,38,14,24,337
225,123,Small Loss,1,44,23,21,337
226,124,Small Loss,0,47,24,23,337
227,124,Small Loss,1,42,16,26,337
228,125,Small Loss,0,36,15,21,337
229,125,Small Loss,1,53,17,36,337
230,126,Small Loss,0,40,14,26,337
231,126,Small Loss,1,50,18,32,337
232,127,Small Loss,0,47,22,25,337
233,127,Small Loss,1,45,18,27,337
234,128,Small Loss,0,45,23,22,337
235,128,Small Loss,1,42,16,26,337
236,129,Small Loss,0,41,14,27,337
237,129,Small Loss,1,53,18,35,337
238,130,Small Loss,0,44,18,26,337
239,130,Small Loss,1,46,21,25,337
240,131,Small Loss,0,43,19,24,337
241,131,Small Loss,1,52,20,32,337
242,132,Small Loss,0,47,21,26,337
243,132,Small Loss,1,42,22,20,337
244,133,Small Loss,0,49,24,25,337
245,133,Small Loss,1,36,16,20,337
246,134,Small Loss,0,54,18,36,337
247,134,Small Loss,1,42,19,23,337
248,135,Small Loss,0,49,24,25,337
249,135,Small Loss,1,40,18,22,337
250,136,Small Loss,0,43,19,24,337
251,136,Small Loss,1,45,21,24,337
252,137,Small Loss,0,47,22,25,337
253,137,Small Loss,1,45,13,32,337
254,138,Small Loss,0,53,18,35,337
255,138,Small Loss,1,41,16,25,337
256,139,Small Loss,0,47,20,27,337
257,139,Small Loss,1,46,21,25,337
258,140,Small Loss,0,42,16,26,337
259,140,Small Loss,1,43,19,24,337
260,141,Small Loss,0,51,18,33,337
261,141,Small Loss,1,43,12,31,337
262,142,Small Loss,0,46,16,30,337
263,142,Small Loss,1,44,18,26,337
264,143,Small Loss,0,42,16,26,337
265,143,Small Loss,1,53,19,34,337
266,144,Small Loss,0,51,16,35,337
267,144,Small Loss,1,39,21,18,337
268,145,Small Loss,0,30,17,13,337
269,145,Small Loss,1,60,26,34,337
270,146,Small Loss,0,56,22,34,337
271,146,Small Loss,1,33,16,17,337
272,147,Small Loss,0,38,13,25,337
273,147,Small Loss,1,57,19,38,337
274,148,Small Loss,0,54,17,37,337
275,148,Small Loss,1,41,16,25,337
276,149,Small Loss,0,54,19,35,337
277,149,Small Loss,1,39,14,25,337
278,150,Small Loss,0,45,12,33,337
279,150,Small Loss,1,49,19,30,337
280,151,Small Loss,0,49,20,29,337
281,151,Small Loss,1,48,19,29,337
282,152,Small Loss,0,52,16,36,337
283,152,Small Loss,1,41,21,20,337
284,153,Small Loss,0,49,18,31,337
285,153,Small Loss,1,41,11,30,337
286,154,Small Loss,0,40,21,19,337
287,154,Small Loss,1,57,20,37,337
288,155,Small Loss,0,44,11,33,337
289,155,Small Loss,1,49,20,29,337
290,156,Small Loss,0,39,11,28,337
291,156,Small Loss,1,55,18,37,337
292,157,Small Loss,0,52,25,27,337
293,157,Small Loss,1,40,16,24,337
294,158,Small Loss,0,48,20,28,337
295,158,Small Loss,1,45,20,25,337
296,159,Small Loss,0,49,21,28,337
297,159,Small Loss,1,51,22,29,337
298,160,Small Loss,0,43,13,30,337
299,160,Small Loss,1,41,20,21,337
300,161,Small Loss,0,45,19,26,337
301,161,Small Loss,1,41,18,23,337
302,162,Small Loss,0,48,15,33,337
303,162,Small Loss,1,42,18,24,337
304,163,Small Loss,0,38,17,21,337
305,163,Small Loss,1,50,19,31,337
306,164,Small Loss,0,44,16,28,337
307,164,Small Loss,1,45,19,26,337
308,165,Small Loss,0,42,10,32,337
309,165,Small Loss,1,50,16,34,337
310,166,Small Loss,0,42,18,24,337
311,166,Small Loss,1,48,21,27,337
312,167,Small Loss,0,34,16,18,337
313,167,Small Loss,1,61,17,44,337
314,168,Small Loss,0,39,10,29,337
315,168,Small Loss,1,51,19,32,337
316,169,Small Loss,0,46,18,28,337
317,169,Small Loss,1,49,18,31,337
318,170,Small Loss,0,52,18,34,337
319,170,Small Loss,1,40,10,30,337
320,171,Small Loss,0,40,18,22,337
321,171,Small Loss,1,48,20,28,337
322,172,Small Loss,0,47,26,21,337
323,172,Small Loss,1,46,23,23,337
324,173,Small Loss,0,38,17,21,337
325,173,Small Loss,1,55,20,35,337
326,174,Small Loss,0,45,19,26,337
327,174,Small Loss,1,47,21,26,337
328,175,Small Loss,0,48,16,32,337
329,175,Small Loss,1,39,18,21,337
330,176,Small Loss,0,40,17,23,337
331,176,Small Loss,1,48,19,29,337
332,177,Small Loss,0,44,19,25,337
333,177,Small Loss,1,45,22,23,337
334,178,Small Loss,0,42,13,29,337
335,178,Small Loss,1,53,22,31,337
336,179,Small Loss,0,38,15,23,337
337,179,Small Loss,1,52,19,33,337
338,180,Small Loss,0,51,23,28,337
339,180,Small Loss,1,39,15,24,337
340,181,Small Loss,0,55,14,41,337
341,181,Small Loss,1,49,23,26,337
342,182,Small Loss,0,50,20,30,337
343,182,Small Loss,1,44,19,25,337
344,183,Small Loss,0,42,12,30,337
345,183,Small Loss,1,52,22,30,337
346,184,Small Loss,0,45,18,27,337
347,184,Small Loss,1,47,17,30,337
348,185,Small Loss,0,47,23,24,337
349,185,Small Loss,1,43,18,25,337
350,186,Small Loss,0,39,12,27,337
351,186,Small Loss,1,51,15,36,337
352,187,Small Loss,0,50,17,33,337
353,187,Small Loss,1,44,18,26,337
354,188,Small Loss,0,50,12,38,337
355,188,Small Loss,1,40,18,22,337
356,189,Small Loss,0,39,15,24,337
357,189,Small Loss,1,56,29,27,337
358,190,Small Loss,0,41,16,25,337
359,190,Small Loss,1,54,19,35,337
360,191,Small Loss,0,37,10,27,337
361,191,Small Loss,1,57,17,40,337
362,192,Small Loss,0,50,15,35,337
363,192,Small Loss,1,44,13,31,337
364,193,Small Loss,0,38,12,26,337
365,193,Small Loss,1,55,27,28,337
366,194,Small Loss,0,43,18,25,337
367,194,Small Loss,1,46,19,27,337
368,195,Small Loss,0,31,15,16,337
369,195,Small Loss,1,54,12,42,337
370,196,Small Loss,0,45,18,27,337
371,196,Small Loss,1,49,19,30,337
372,197,Small Loss,0,48,13,35,337
373,197,Small Loss,1,46,19,27,337
374,198,Small Loss,0,38,16,22,337
375,198,Small Loss,1,56,28,28,337
376,199,Small Loss,0,46,14,32,337
377,199,Small Loss,1,44,11,33,337
378,200,Small Loss,0,57,27,30,337
379,200,Small Loss,1,41,16,25,337
380,201,Small Loss,0,47,22,25,337
381,201,Small Loss,1,53,24,29,337
382,202,Small Loss,0,47,20,27,337
383,202,Small Loss,1,50,17,33,337
384,203,Small Loss,0,50,19,31,337
385,203,Small Loss,1,44,15,29,337
386,204,Small Loss,0,51,18,33,337
387,204,Small Loss,1,41,17,24,337
388,205,Small Loss,0,48,20,28,337
389,205,Small Loss,1,45,21,24,337
390,206,Small Loss,0,49,18,31,337
391,206,Small Loss,1,44,10,34,337
392,207,Small Loss,0,43,14,29,337
393,207,Small Loss,1,51,28,23,337
394,208,Small Loss,0,44,18,26,337
395,208,Small Loss,1,41,15,26,337
396,209,Small Loss,0,38,17,21,337
397,209,Small Loss,1,56,25,31,337
398,210,Small Loss,0,39,15,24,337
399,210,Small Loss,1,48,19,29,337
400,211,Small Loss,0,40,18,22,337
401,211,Small Loss,1,53,19,34,337
402,212,Small Loss,0,43,17,26,337
403,212,Small Loss,1,47,21,26,337
404,213,Small Loss,0,48,22,26,337
405,213,Small Loss,1,47,24,23,337
406,214,Small Loss,0,53,21,32,337
407,214,Small Loss,1,42,13,29,337
408,215,Small Loss,0,60,24,36,337
409,215,Small Loss,1,37,12,25,337
410,216,Small Loss,0,46,19,27,337
411,216,Small Loss,1,54,22,32,337
412,217,Small Loss,0,50,16,34,337
413,217,Small Loss,1,39,20,19,337
414,218,Small Loss,0,53,21,32,337
415,218,Small Loss,1,43,10,33,337
416,219,Small Loss,0,47,20,27,337
417,219,Small Loss,1,50,16,34,337
418,220,Small Loss,0,49,21,28,337
419,220,Small Loss,1,40,13,27,337
420,221,Small Loss,0,50,15,35,337
421,221,Small Loss,1,46,18,28,337
422,222,Small Loss,0,33,15,18,337
423,222,Small Loss,1,56,25,31,337
424,223,Small Loss,0,49,22,27,337
425,223,Small Loss,1,48,26,22,337
426,224,Small Loss,0,44,17,27,337
427,224,Small Loss,1,45,16,29,337
428,225,Small Loss,0,44,21,23,337
429,225,Small Loss,1,45,17,28,337
430,226,Small Loss,0,36,16,20,337
431,226,Small Loss,1,58,20,38,337
432,227,Small Loss,0,54,22,32,337
433,227,Small Loss,1,40,12,28,337
434,228,Small Loss,0,42,20,22,337
435,228,Small Loss,1,46,28,18,337
436,229,Small Loss,0,48,18,30,337
437,229,Small Loss,1,46,17,29,337
438,230,Small Loss,0,40,16,24,337
439,230,Small Loss,1,49,15,34,337
440,231,Small Loss,0,46,20,26,337
441,231,Small Loss,1,49,20,29,337
442,232,Small Loss,0,44,17,27,337
443,232,Small Loss,1,49,14,35,337
444,233,Small Loss,0,48,15,33,337
445,233,Small Loss,1,45,15,30,337
446,234,Small Loss,0,42,12,30,337
447,234,Small Loss,1,42,18,24,337
448,235,Small Loss,0,56,17,39,337
449,235,Small Loss,1,41,13,28,337
450,236,Small Loss,0,43,20,23,337
451,236,Small Loss,1,52,27,25,337
452,237,Small Loss,0,46,12,34,337
453,237,Small Loss,1,50,14,36,337
454,238,Small Loss,0,42,19,23,337
455,238,Small Loss,1,50,17,33,337
456,239,Small Loss,0,44,17,27,337
457,239,Small Loss,1,54,24,30,337
458,240,Small Loss,0,46,19,27,337
459,240,Small Loss,1,48,15,33,337
460,241,Small Loss,0,49,22,27,337
461,241,Small Loss,1,43,13,30,337
462,242,Small Loss,0,36,14,22,337
463,242,Small Loss,1,54,21,33,337
464,243,Small Loss,0,53,18,35,337
465,243,Small Loss,1,43,21,22,337
466,244,Small Loss,0,36,13,23,337
467,244,Small Loss,1,57,27,30,337
468,245,Small Loss,0,41,8,33,337
469,245,Small Loss,1,47,24,23,337
470,246,Small Loss,0,47,19,28,337
471,246,Small Loss,1,47,20,27,337
472,247,Small Loss,0,40,17,23,337
473,247,Small Loss,1,52,20,32,337
474,248,Small Loss,0,34,20,14,337
475,248,Small Loss,1,47,16,31,337
476,249,Small Loss,0,55,21,34,337
477,249,Small Loss,1,37,15,22,337
478,250,Small Loss,0,45,16,29,337
479,250,Small Loss,1,45,21,24,337
480,251,Small Loss,0,55,14,41,337
481,251,Small Loss,1,41,18,23,337
482,252,Small Loss,0,53,19,34,337
483,252,Small Loss,1,41,20,21,337
484,253,Small Loss,0,47,18,29,337
485,253,Small Loss,1,38,14,24,337
486,254,Small Loss,0,41,16,25,337
487,254,Small Loss,1,55,19,36,337
488,255,Small Loss,0,46,16,30,337
489,255,Small Loss,1,38,13,25,337
490,256,Small Loss,0,44,20,24,337
491,256,Small Loss,1,50,21,29,337
492,257,Small Loss,0,42,12,30,337
493,257,Small Loss,1,51,26,25,337
494,258,Small Loss,0,49,16,33,337
495,258,Small Loss,1,45,10,35,337
496,259,Small Loss,0,49,17,32,337
497,259,Small Loss,1,44,21,23,337
498,260,Small Loss,0,49,21,28,337
499,260,Small Loss,1,48,21,27,337
500,261,Small Loss,0,45,17,28,337
501,261,Small Loss,1,45,23,22,337
502,262,Small Loss,0,40,14,26,337
503,262,Small Loss,1,50,24,26,337
504,263,Small Loss,0,62,26,36,337
505,263,Small Loss,1,35,13,22,337
506,264,Small Loss,0,47,13,34,337
507,264,Small Loss,1,47,15,32,337
508,265,Small Loss,0,53,22,31,337
509,265,Small Loss,1,41,20,21,337
510,266,Small Loss,0,41,20,21,337
511,266,Small Loss,1,51,17,34,337
512,267,Small Loss,0,48,16,32,337
513,267,Small Loss,1,49,17,32,337
514,268,Small Loss,0,49,18,31,337
515,268,Small Loss,1,36,17,19,337
516,269,Small Loss,0,47,27,20,337
517,269,Small Loss,1,43,17,26,337
518,270,Small Loss,0,45,21,24,337
519,270,Small Loss,1,49,21,28,337
520,271,Small Loss,0,47,20,27,337
521,271,Small Loss,1,47,17,30,337
522,272,Small Loss,0,50,18,32,337
523,272,Small Loss,1,44,17,27,337
524,273,Small Loss,0,53,21,32,337
525,273,Small Loss,1,43,12,31,337
526,274,Small Loss,0,46,15,31,337
527,274,Small Loss,1,42,19,23,337
528,275,Small Loss,0,45,17,28,337
529,275,Small Loss,1,47,14,33,337
530,276,Small Loss,0,54,23,31,337
531,276,Small Loss,1,41,16,25,337
532,277,Small Loss,0,43,17,26,337
533,277,Small Loss,1,44,20,24,337
534,278,Small Loss,0,57,23,34,337
535,278,Small Loss,1,37,13,24,337
536,279,Small Loss,0,46,14,32,337
537,279,Small Loss,1,48,17,31,337
538,280,Small Loss,0,49,21,28,337
539,280,Small Loss,1,41,22,19,337
540,281,Small Loss,0,53,16,37,337
541,281,Small Loss,1,41,16,25,337
542,282,Small Loss,0,46,20,26,337
543,282,Small Loss,1,46,15,31,337
544,283,Small Loss,0,43,12,31,337
545,283,Small Loss,1,50,21,29,337
546,284,Small Loss,0,36,11,25,337
547,284,Small Loss,1,49,24,25,337
548,285,Small Loss,0,42,18,24,337
549,285,Small Loss,1,50,13,37,337
550,286,Small Loss,0,51,25,26,337
551,286,Small Loss,1,46,18,28,337
552,287,Small Loss,0,47,14,33,337
553,287,Small Loss,1,45,9,36,337
554,288,Small Loss,0,46,15,31,337
555,288,Small Loss,1,54,20,34,337
556,289,Small Loss,0,45,17,28,337
557,289,Small Loss,1,44,13,31,337
558,290,Small Loss,0,48,12,36,337
559,290,Small Loss,1,49,22,27,337
560,291,Small Loss,0,56,23,33,337
561,291,Small Loss,1,36,13,23,337
562,292,Small Loss,0,52,23,29,337
563,292,Small Loss,1,40,21,19,337
564,293,Small Loss,0,43,17,26,337
565,293,Small Loss,1,51,21,30,337
566,294,Small Loss,0,49,20,29,337
567,294,Small Loss,1,44,18,26,337
568,295,Small Loss,0,47,20,27,337
569,295,Small Loss,1,47,18,29,337
570,296,Small Loss,0,44,15,29,337
571,296,Small Loss,1,42,20,22,337
572,297,Small Loss,0,57,26,31,337
573,297,Small Loss,1,39,14,25,337
574,298,Small Loss,0,41,16,25,337
575,298,Small Loss,1,52,28,24,337
576,299,Small Loss,0,42,15,27,337
577,299,Small Loss,1,50,17,33,337
,epoch,method,label,total,TP,FP,seed
0,11,Small Loss,0,32,8,24,815
1,11,Small Loss,1,31,10,21,815
2,12,Small Loss,0,33,13,20,815
3,12,Small Loss,1,33,12,21,815
4,13,Small Loss,0,21,6,15,815
5,13,Small Loss,1,44,21,23,815
6,14,Small Loss,0,42,19,23,815
7,14,Small Loss,1,23,8,15,815
8,15,Small Loss,0,37,11,26,815
9,15,Small Loss,1,35,13,22,815
10,16,Small Loss,0,38,17,21,815
11,16,Small Loss,1,30,13,17,815
12,17,Small Loss,0,36,14,22,815
13,17,Small Loss,1,30,14,16,815
14,18,Small Loss,0,34,5,29,815
15,18,Small Loss,1,38,16,22,815
16,19,Small Loss,0,37,13,24,815
17,19,Small Loss,1,41,18,23,815
18,20,Small Loss,0,27,9,18,815
19,20,Small Loss,1,47,17,30,815
20,21,Small Loss,0,42,17,25,815
21,21,Small Loss,1,29,16,13,815
22,22,Small Loss,0,31,12,19,815
23,22,Small Loss,1,43,14,29,815
24,23,Small Loss,0,31,9,22,815
25,23,Small Loss,1,47,15,32,815
26,24,Small Loss,0,54,19,35,815
27,24,Small Loss,1,29,11,18,815
28,25,Small Loss,0,38,19,19,815
29,25,Small Loss,1,41,21,20,815
30,26,Small Loss,0,38,14,24,815
31,26,Small Loss,1,44,12,32,815
32,27,Small Loss,0,43,12,31,815
33,27,Small Loss,1,40,11,29,815
34,28,Small Loss,0,42,17,25,815
35,28,Small Loss,1,38,13,25,815
36,29,Small Loss,0,38,12,26,815
37,29,Small Loss,1,43,17,26,815
38,30,Small Loss,0,43,16,27,815
39,30,Small Loss,1,40,11,29,815
40,31,Small Loss,0,39,15,24,815
41,31,Small Loss,1,47,16,31,815
42,32,Small Loss,0,41,15,26,815
43,32,Small Loss,1,44,14,30,815
44,33,Small Loss,0,38,15,23,815
45,33,Small Loss,1,47,14,33,815
46,34,Small Loss,0,43,15,28,815
47,34,Small Loss,1,40,19,21,815
48,35,Small Loss,0,40,13,27,815
49,35,Small Loss,1,42,16,26,815
50,36,Small Loss,0,39,18,21,815
51,36,Small Loss,1,39,20,19,815
52,37,Small Loss,0,40,13,27,815
53,37,Small Loss,1,41,14,27,815
54,38,Small Loss,0,43,19,24,815
55,38,Small Loss,1,43,18,25,815
56,39,Small Loss,0,41,16,25,815
57,39,Small Loss,1,41,17,24,815
58,40,Small Loss,0,45,19,26,815
59,40,Small Loss,1,42,17,25,815
60,41,Small Loss,0,48,18,30,815
61,41,Small Loss,1,36,13,23,815
62,42,Small Loss,0,47,14,33,815
63,42,Small Loss,1,39,16,23,815
64,43,Small Loss,0,46,19,27,815
65,43,Small Loss,1,38,9,29,815
66,44,Small Loss,0,44,13,31,815
67,44,Small Loss,1,41,15,26,815
68,45,Small Loss,0,51,16,35,815
69,45,Small Loss,1,35,12,23,815
70,46,Small Loss,0,42,13,29,815
71,46,Small Loss,1,40,12,28,815
72,47,Small Loss,0,32,12,20,815
73,47,Small Loss,1,55,23,32,815
74,48,Small Loss,0,39,17,22,815
75,48,Small Loss,1,45,21,24,815
76,49,Small Loss,0,45,18,27,815
77,49,Small Loss,1,40,20,20,815
78,50,Small Loss,0,44,16,28,815
79,50,Small Loss,1,38,17,21,815
80,51,Small Loss,0,36,15,21,815
81,51,Small Loss,1,44,16,28,815
82,52,Small Loss,0,38,11,27,815
83,52,Small Loss,1,46,20,26,815
84,53,Small Loss,0,36,13,23,815
85,53,Small Loss,1,45,14,31,815
86,54,Small Loss,0,35,12,23,815
87,54,Small Loss,1,54,21,33,815
88,55,Small Loss,0,38,16,22,815
89,55,Small Loss,1,45,17,28,815
90,56,Small Loss,0,39,14,25,815
91,56,Small Loss,1,49,19,30,815
92,57,Small Loss,0,35,16,19,815
93,57,Small Loss,1,54,21,33,815
94,58,Small Loss,0,46,13,33,815
95,58,Small Loss,1,41,12,29,815
96,59,Small Loss,0,46,20,26,815
97,59,Small Loss,1,41,16,25,815
98,60,Small Loss,0,42,17,25,815
99,60,Small Loss,1,48,19,29,815
100,61,Small Loss,0,38,10,28,815
101,61,Small Loss,1,50,23,27,815
102,62,Small Loss,0,37,13,24,815
103,62,Small Loss,1,50,15,35,815
104,63,Small Loss,0,40,16,24,815
105,63,Small Loss,1,47,21,26,815
106,64,Small Loss,0,37,11,26,815
107,64,Small Loss,1,46,18,28,815
108,65,Small Loss,0,44,19,25,815
109,65,Small Loss,1,35,11,24,815
110,66,Small Loss,0,44,16,28,815
111,66,Small Loss,1,41,18,23,815
112,67,Small Loss,0,40,17,23,815
113,67,Small Loss,1,45,14,31,815
114,68,Small Loss,0,47,18,29,815
115,68,Small Loss,1,42,17,25,815
116,69,Small Loss,0,40,18,22,815
117,69,Small Loss,1,46,22,24,815
118,70,Small Loss,0,50,17,33,815
119,70,Small Loss,1,37,15,22,815
120,71,Small Loss,0,42,20,22,815
121,71,Small Loss,1,44,21,23,815
122,72,Small Loss,0,45,18,27,815
123,72,Small Loss,1,37,14,23,815
124,73,Small Loss,0,47,19,28,815
125,73,Small Loss,1,41,12,29,815
126,74,Small Loss,0,46,22,24,815
127,74,Small Loss,1,41,16,25,815
128,75,Small Loss,0,39,18,21,815
129,75,Small Loss,1,42,18,24,815
130,76,Small Loss,0,43,16,27,815
131,76,Small Loss,1,45,19,26,815
132,77,Small Loss,0,48,24,24,815
133,77,Small Loss,1,46,18,28,815
134,78,Small Loss,0,45,18,27,815
135,78,Small Loss,1,41,11,30,815
136,79,Small Loss,0,46,16,30,815
137,79,Small Loss,1,44,18,26,815
138,80,Small Loss,0,47,23,24,815
139,80,Small Loss,1,46,20,26,815
140,81,Small Loss,0,41,17,24,815
141,81,Small Loss,1,43,16,27,815
142,82,Small Loss,0,39,15,24,815
143,82,Small Loss,1,45,16,29,815
144,83,Small Loss,0,49,20,29,815
145,83,Small Loss,1,40,17,23,815
146,84,Small Loss,0,43,18,25,815
147,84,Small Loss,1,39,14,25,815
148,85,Small Loss,0,41,13,28,815
149,85,Small Loss,1,45,19,26,815
150,86,Small Loss,0,43,18,25,815
151,86,Small Loss,1,43,13,30,815
152,87,Small Loss,0,34,8,26,815
153,87,Small Loss,1,47,10,37,815
154,88,Small Loss,0,45,18,27,815
155,88,Small Loss,1,38,20,18,815
156,89,Small Loss,0,51,23,28,815
157,89,Small Loss,1,38,13,25,815
158,90,Small Loss,0,50,17,33,815
159,90,Small Loss,1,31,13,18,815
160,91,Small Loss,0,39,20,19,815
161,91,Small Loss,1,51,24,27,815
162,92,Small Loss,0,44,19,25,815
163,92,Small Loss,1,43,16,27,815
164,93,Small Loss,0,40,16,24,815
165,93,Small Loss,1,45,21,24,815
166,94,Small Loss,0,38,12,26,815
167,94,Small Loss,1,55,18,37,815
168,95,Small Loss,0,39,17,22,815
169,95,Small Loss,1,51,23,28,815
170,96,Small Loss,0,48,18,30,815
171,96,Small Loss,1,39,16,23,815
172,97,Small Loss,0,42,11,31,815
173,97,Small Loss,1,47,19,28,815
174,98,Small Loss,0,45,19,26,815
175,98,Small Loss,1,44,18,26,815
176,99,Small Loss,0,40,14,26,815
177,99,Small Loss,1,48,18,30,815
178,100,Small Loss,0,41,15,26,815
179,100,Small Loss,1,48,19,29,815
180,101,Small Loss,0,42,24,18,815
181,101,Small Loss,1,46,17,29,815
182,102,Small Loss,0,44,12,32,815
183,102,Small Loss,1,46,17,29,815
184,103,Small Loss,0,47,24,23,815
185,103,Small Loss,1,42,16,26,815
186,104,Small Loss,0,41,16,25,815
187,104,Small Loss,1,48,10,38,815
188,105,Small Loss,0,43,15,28,815
189,105,Small Loss,1,51,18,33,815
190,106,Small Loss,0,41,18,23,815
191,106,Small Loss,1,41,14,27,815
192,107,Small Loss,0,44,14,30,815
193,107,Small Loss,1,50,19,31,815
194,108,Small Loss,0,47,19,28,815
195,108,Small Loss,1,47,22,25,815
196,109,Small Loss,0,46,18,28,815
197,109,Small Loss,1,43,16,27,815
198,110,Small Loss,0,53,21,32,815
199,110,Small Loss,1,37,16,21,815
200,111,Small Loss,0,39,12,27,815
201,111,Small Loss,1,53,24,29,815
202,112,Small Loss,0,49,23,26,815
203,112,Small Loss,1,36,15,21,815
204,113,Small Loss,0,49,20,29,815
205,113,Small Loss,1,44,22,22,815
206,114,Small Loss,0,44,16,28,815
207,114,Small Loss,1,48,19,29,815
208,115,Small Loss,0,47,18,29,815
209,115,Small Loss,1,47,22,25,815
210,116,Small Loss,0,45,18,27,815
211,116,Small Loss,1,43,13,30,815
212,117,Small Loss,0,44,18,26,815
213,117,Small Loss,1,44,17,27,815
214,118,Small Loss,0,47,16,31,815
215,118,Small Loss,1,40,18,22,815
216,119,Small Loss,0,49,22,27,815
217,119,Small Loss,1,38,14,24,815
218,120,Small Loss,0,35,19,16,815
219,120,Small Loss,1,51,16,35,815
220,121,Small Loss,0,52,29,23,815
221,121,Small Loss,1,42,15,27,815
222,122,Small Loss,0,44,10,34,815
223,122,Small Loss,1,44,21,23,815
224,123,Small Loss,0,42,13,29,815
225,123,Small Loss,1,44,15,29,815
226,124,Small Loss,0,41,12,29,815
227,124,Small Loss,1,48,19,29,815
228,125,Small Loss,0,47,18,29,815
229,125,Small Loss,1,37,17,20,815
230,126,Small Loss,0,48,17,31,815
231,126,Small Loss,1,46,15,31,815
232,127,Small Loss,0,47,22,25,815
233,127,Small Loss,1,40,12,28,815
234,128,Small Loss,0,40,13,27,815
235,128,Small Loss,1,49,18,31,815
236,129,Small Loss,0,45,23,22,815
237,129,Small Loss,1,43,17,26,815
238,130,Small Loss,0,49,15,34,815
239,130,Small Loss,1,39,20,19,815
240,131,Small Loss,0,46,14,32,815
241,131,Small Loss,1,46,14,32,815
242,132,Small Loss,0,49,18,31,815
243,132,Small Loss,1,37,13,24,815
244,133,Small Loss,0,43,15,28,815
245,133,Small Loss,1,45,18,27,815
246,134,Small Loss,0,45,19,26,815
247,134,Small Loss,1,49,27,22,815
248,135,Small Loss,0,36,14,22,815
249,135,Small Loss,1,52,14,38,815
250,136,Small Loss,0,50,20,30,815
251,136,Small Loss,1,42,16,26,815
252,137,Small Loss,0,47,19,28,815
253,137,Small Loss,1,45,16,29,815
254,138,Small Loss,0,47,20,27,815
255,138,Small Loss,1,47,23,24,815
256,139,Small Loss,0,53,15,38,815
257,139,Small Loss,1,39,11,28,815
258,140,Small Loss,0,46,22,24,815
259,140,Small Loss,1,48,21,27,815
260,141,Small Loss,0,49,17,32,815
261,141,Small Loss,1,48,18,30,815
262,142,Small Loss,0,48,11,37,815
263,142,Small Loss,1,46,19,27,815
264,143,Small Loss,0,48,15,33,815
265,143,Small Loss,1,40,17,23,815
266,144,Small Loss,0,42,19,23,815
267,144,Small Loss,1,47,20,27,815
268,145,Small Loss,0,41,11,30,815
269,145,Small Loss,1,45,17,28,815
270,146,Small Loss,0,40,10,30,815
271,146,Small Loss,1,53,23,30,815
272,147,Small Loss,0,45,16,29,815
273,147,Small Loss,1,42,14,28,815
274,148,Small Loss,0,35,14,21,815
275,148,Small Loss,1,51,21,30,815
276,149,Small Loss,0,45,20,25,815
277,149,Small Loss,1,42,18,24,815
278,150,Small Loss,0,47,13,34,815
279,150,Small Loss,1,46,19,27,815
280,151,Small Loss,0,58,23,35,815
281,151,Small Loss,1,39,20,19,815
282,152,Small Loss,0,31,12,19,815
283,152,Small Loss,1,52,21,31,815
284,153,Small Loss,0,54,23,31,815
285,153,Small Loss,1,39,15,24,815
286,154,Small Loss,0,43,21,22,815
287,154,Small Loss,1,40,14,26,815
288,155,Small Loss,0,47,20,27,815
289,155,Small Loss,1,41,23,18,815
290,156,Small Loss,0,47,20,27,815
291,156,Small Loss,1,42,18,24,815
292,157,Small Loss,0,46,18,28,815
293,157,Small Loss,1,50,19,31,815
294,158,Small Loss,0,41,13,28,815
295,158,Small Loss,1,51,16,35,815
296,159,Small Loss,0,53,15,38,815
297,159,Small Loss,1,41,11,30,815
298,160,Small Loss,0,47,20,27,815
299,160,Small Loss,1,41,17,24,815
300,161,Small Loss,0,37,16,21,815
301,161,Small Loss,1,50,22,28,815
302,162,Small Loss,0,46,17,29,815
303,162,Small Loss,1,41,18,23,815
304,163,Small Loss,0,46,22,24,815
305,163,Small Loss,1,55,24,31,815
306,164,Small Loss,0,48,19,29,815
307,164,Small Loss,1,47,18,29,815
308,165,Small Loss,0,53,16,37,815
309,165,Small Loss,1,40,13,27,815
310,166,Small Loss,0,45,21,24,815
311,166,Small Loss,1,43,16,27,815
312,167,Small Loss,0,38,17,21,815
313,167,Small Loss,1,54,22,32,815
314,168,Small Loss,0,50,17,33,815
315,168,Small Loss,1,44,15,29,815
316,169,Small Loss,0,45,12,33,815
317,169,Small Loss,1,48,22,26,815
318,170,Small Loss,0,48,12,36,815
319,170,Small Loss,1,44,17,27,815
320,171,Small Loss,0,46,15,31,815
321,171,Small Loss,1,39,13,26,815
322,172,Small Loss,0,41,15,26,815
323,172,Small Loss,1,47,21,26,815
324,173,Small Loss,0,46,18,28,815
325,173,Small Loss,1,41,21,20,815
326,174,Small Loss,0,44,14,30,815
327,174,Small Loss,1,41,14,27,815
328,175,Small Loss,0,46,15,31,815
329,175,Small Loss,1,44,13,31,815
330,176,Small Loss,0,44,19,25,815
331,176,Small Loss,1,46,17,29,815
332,177,Small Loss,0,50,15,35,815
333,177,Small Loss,1,35,15,20,815
334,178,Small Loss,0,46,16,30,815
335,178,Small Loss,1,46,21,25,815
336,179,Small Loss,0,44,18,26,815
337,179,Small Loss,1,50,14,36,815
338,180,Small Loss,0,40,17,23,815
339,180,Small Loss,1,54,23,31,815
340,181,Small Loss,0,38,13,25,815
341,181,Small Loss,1,54,21,33,815
342,182,Small Loss,0,45,11,34,815
343,182,Small Loss,1,47,22,25,815
344,183,Small Loss,0,49,24,25,815
345,183,Small Loss,1,43,18,25,815
346,184,Small Loss,0,49,22,27,815
347,184,Small Loss,1,40,17,23,815
348,185,Small Loss,0,40,19,21,815
349,185,Small Loss,1,48,20,28,815
350,186,Small Loss,0,38,8,30,815
351,186,Small Loss,1,45,15,30,815
352,187,Small Loss,0,44,22,22,815
353,187,Small Loss,1,48,17,31,815
354,188,Small Loss,0,47,19,28,815
355,188,Small Loss,1,47,16,31,815
356,189,Small Loss,0,37,15,22,815
357,189,Small Loss,1,52,12,40,815
358,190,Small Loss,0,47,13,34,815
359,190,Small Loss,1,43,15,28,815
360,191,Small Loss,0,35,13,22,815
361,191,Small Loss,1,51,15,36,815
362,192,Small Loss,0,50,19,31,815
363,192,Small Loss,1,43,14,29,815
364,193,Small Loss,0,43,17,26,815
365,193,Small Loss,1,46,22,24,815
366,194,Small Loss,0,48,15,33,815
367,194,Small Loss,1,45,19,26,815
368,195,Small Loss,0,50,22,28,815
369,195,Small Loss,1,44,21,23,815
370,196,Small Loss,0,47,12,35,815
371,196,Small Loss,1,47,20,27,815
372,197,Small Loss,0,37,11,26,815
373,197,Small Loss,1,57,24,33,815
374,198,Small Loss,0,50,22,28,815
375,198,Small Loss,1,46,18,28,815
376,199,Small Loss,0,53,17,36,815
377,199,Small Loss,1,47,22,25,815
378,200,Small Loss,0,45,15,30,815
379,200,Small Loss,1,49,18,31,815
380,201,Small Loss,0,46,12,34,815
381,201,Small Loss,1,49,19,30,815
382,202,Small Loss,0,48,17,31,815
383,202,Small Loss,1,47,20,27,815
384,203,Small Loss,0,50,16,34,815
385,203,Small Loss,1,38,14,24,815
386,204,Small Loss,0,46,17,29,815
387,204,Small Loss,1,40,16,24,815
388,205,Small Loss,0,43,14,29,815
389,205,Small Loss,1,40,14,26,815
390,206,Small Loss,0,50,19,31,815
391,206,Small Loss,1,40,11,29,815
392,207,Small Loss,0,38,7,31,815
393,207,Small Loss,1,48,17,31,815
394,208,Small Loss,0,37,13,24,815
395,208,Small Loss,1,52,26,26,815
396,209,Small Loss,0,43,8,35,815
397,209,Small Loss,1,44,12,32,815
398,210,Small Loss,0,45,13,32,815
399,210,Small Loss,1,47,18,29,815
400,211,Small Loss,0,47,18,29,815
401,211,Small Loss,1,42,12,30,815
402,212,Small Loss,0,49,20,29,815
403,212,Small Loss,1,40,18,22,815
404,213,Small Loss,0,52,14,38,815
405,213,Small Loss,1,42,11,31,815
406,214,Small Loss,0,44,11,33,815
407,214,Small Loss,1,46,20,26,815
408,215,Small Loss,0,52,15,37,815
409,215,Small Loss,1,41,12,29,815
410,216,Small Loss,0,46,24,22,815
411,216,Small Loss,1,54,20,34,815
412,217,Small Loss,0,52,22,30,815
413,217,Small Loss,1,37,16,21,815
414,218,Small Loss,0,51,19,32,815
415,218,Small Loss,1,39,13,26,815
416,219,Small Loss,0,55,19,36,815
417,219,Small Loss,1,41,15,26,815
418,220,Small Loss,0,46,12,34,815
419,220,Small Loss,1,44,19,25,815
420,221,Small Loss,0,46,20,26,815
421,221,Small Loss,1,48,24,24,815
422,222,Small Loss,0,40,21,19,815
423,222,Small Loss,1,50,18,32,815
424,223,Small Loss,0,44,12,32,815
425,223,Small Loss,1,41,14,27,815
426,224,Small Loss,0,43,16,27,815
427,224,Small Loss,1,46,21,25,815
428,225,Small Loss,0,45,16,29,815
429,225,Small Loss,1,48,18,30,815
430,226,Small Loss,0,54,21,33,815
431,226,Small Loss,1,38,17,21,815
432,227,Small Loss,0,51,19,32,815
433,227,Small Loss,1,43,16,27,815
434,228,Small Loss,0,40,16,24,815
435,228,Small Loss,1,52,28,24,815
436,229,Small Loss,0,45,10,35,815
437,229,Small Loss,1,47,16,31,815
438,230,Small Loss,0,46,21,25,815
439,230,Small Loss,1,42,12,30,815
440,231,Small Loss,0,43,13,30,815
441,231,Small Loss,1,39,10,29,815
442,232,Small Loss,0,46,23,23,815
443,232,Small Loss,1,44,15,29,815
444,233,Small Loss,0,44,13,31,815
445,233,Small Loss,1,43,19,24,815
446,234,Small Loss,0,47,19,28,815
447,234,Small Loss,1,55,25,30,815
448,235,Small Loss,0,50,16,34,815
449,235,Small Loss,1,42,12,30,815
450,236,Small Loss,0,51,20,31,815
451,236,Small Loss,1,42,20,22,815
452,237,Small Loss,0,45,15,30,815
453,237,Small Loss,1,47,14,33,815
454,238,Small Loss,0,47,23,24,815
455,238,Small Loss,1,42,16,26,815
456,239,Small Loss,0,44,19,25,815
457,239,Small Loss,1,39,16,23,815
458,240,Small Loss,0,44,15,29,815
459,240,Small Loss,1,48,20,28,815
460,241,Small Loss,0,44,15,29,815
461,241,Small Loss,1,50,17,33,815
462,242,Small Loss,0,43,14,29,815
463,242,Small Loss,1,51,16,35,815
464,243,Small Loss,0,41,17,24,815
465,243,Small Loss,1,52,15,37,815
466,244,Small Loss,0,45,18,27,815
467,244,Small Loss,1,49,20,29,815
468,245,Small Loss,0,43,14,29,815
469,245,Small Loss,1,44,18,26,815
470,246,Small Loss,0,41,13,28,815
471,246,Small Loss,1,45,20,25,815
472,247,Small Loss,0,40,18,22,815
473,247,Small Loss,1,49,12,37,815
474,248,Small Loss,0,40,16,24,815
475,248,Small Loss,1,47,21,26,815
476,249,Small Loss,0,45,18,27,815
477,249,Small Loss,1,41,12,29,815
478,250,Small Loss,0,49,20,29,815
479,250,Small Loss,1,43,14,29,815
480,251,Small Loss,0,45,20,25,815
481,251,Small Loss,1,44,21,23,815
482,252,Small Loss,0,44,8,36,815
483,252,Small Loss,1,43,17,26,815
484,253,Small Loss,0,40,16,24,815
485,253,Small Loss,1,44,23,21,815
486,254,Small Loss,0,37,13,24,815
487,254,Small Loss,1,46,22,24,815
488,255,Small Loss,0,31,16,15,815
489,255,Small Loss,1,62,21,41,815
490,256,Small Loss,0,43,16,27,815
491,256,Small Loss,1,49,24,25,815
492,257,Small Loss,0,58,26,32,815
493,257,Small Loss,1,34,15,19,815
494,258,Small Loss,0,40,13,27,815
495,258,Small Loss,1,45,15,30,815
496,259,Small Loss,0,47,20,27,815
497,259,Small Loss,1,45,18,27,815
498,260,Small Loss,0,45,19,26,815
499,260,Small Loss,1,45,18,27,815
500,261,Small Loss,0,44,16,28,815
501,261,Small Loss,1,48,12,36,815
502,262,Small Loss,0,51,15,36,815
503,262,Small Loss,1,42,17,25,815
504,263,Small Loss,0,46,17,29,815
505,263,Small Loss,1,48,21,27,815
506,264,Small Loss,0,48,14,34,815
507,264,Small Loss,1,44,12,32,815
508,265,Small Loss,0,49,19,30,815
509,265,Small Loss,1,37,10,27,815
510,266,Small Loss,0,39,15,24,815
511,266,Small Loss,1,46,19,27,815
512,267,Small Loss,0,44,8,36,815
513,267,Small Loss,1,46,17,29,815
514,268,Small Loss,0,43,18,25,815
515,268,Small Loss,1,50,23,27,815
516,269,Small Loss,0,34,12,22,815
517,269,Small Loss,1,55,20,35,815
518,270,Small Loss,0,45,19,26,815
519,270,Small Loss,1,48,21,27,815
520,271,Small Loss,0,44,15,29,815
521,271,Small Loss,1,44,15,29,815
522,272,Small Loss,0,53,20,33,815
523,272,Small Loss,1,42,17,25,815
524,273,Small Loss,0,57,20,37,815
525,273,Small Loss,1,33,12,21,815
526,274,Small Loss,0,46,13,33,815
527,274,Small Loss,1,49,21,28,815
528,275,Small Loss,0,45,20,25,815
529,275,Small Loss,1,41,19,22,815
530,276,Small Loss,0,46,14,32,815
531,276,Small Loss,1,43,17,26,815
532,277,Small Loss,0,43,19,24,815
533,277,Small Loss,1,45,16,29,815
534,278,Small Loss,0,40,14,26,815
535,278,Small Loss,1,54,20,34,815
536,279,Small Loss,0,46,9,37,815
537,279,Small Loss,1,46,17,29,815
538,280,Small Loss,0,48,18,30,815
539,280,Small Loss,1,52,22,30,815
540,281,Small Loss,0,48,20,28,815
541,281,Small Loss,1,39,14,25,815
542,282,Small Loss,0,39,18,21,815
543,282,Small Loss,1,51,23,28,815
544,283,Small Loss,0,47,16,31,815
545,283,Small Loss,1,45,25,20,815
546,284,Small Loss,0,49,24,25,815
547,284,Small Loss,1,44,29,15,815
548,285,Small Loss,0,49,21,28,815
549,285,Small Loss,1,44,16,28,815
550,286,Small Loss,0,43,12,31,815
551,286,Small Loss,1,44,22,22,815
552,287,Small Loss,0,38,17,21,815
553,287,Small Loss,1,54,15,39,815
554,288,Small Loss,0,52,23,29,815
555,288,Small Loss,1,42,15,27,815
556,289,Small Loss,0,38,19,19,815
557,289,Small Loss,1,51,20,31,815
558,290,Small Loss,0,47,12,35,815
559,290,Small Loss,1,40,16,24,815
560,291,Small Loss,0,38,18,20,815
561,291,Small Loss,1,50,20,30,815
562,292,Small Loss,0,36,16,20,815
563,292,Small Loss,1,51,23,28,815
564,293,Small Loss,0,45,17,28,815
565,293,Small Loss,1,41,16,25,815
566,294,Small Loss,0,45,19,26,815
567,294,Small Loss,1,48,22,26,815
568,295,Small Loss,0,60,25,35,815
569,295,Small Loss,1,34,16,18,815
570,296,Small Loss,0,45,19,26,815
571,296,Small Loss,1,41,14,27,815
572,297,Small Loss,0,38,12,26,815
573,297,Small Loss,1,48,13,35,815
574,298,Small Loss,0,40,19,21,815
575,298,Small Loss,1,53,21,32,815
576,299,Small Loss,0,46,12,34,815
577,299,Small Loss,1,48,21,27,815
,epoch,method,label,total,TP,FP,seed
0,11,Small Loss,0,34,15,19,19
1,11,Small Loss,1,32,12,20,19
2,12,Small Loss,0,38,16,22,19
3,12,Small Loss,1,28,11,17,19
4,13,Small Loss,0,41,15,26,19
5,13,Small Loss,1,34,12,22,19
6,14,Small Loss,0,35,13,22,19
7,14,Small Loss,1,34,8,26,19
8,15,Small Loss,0,38,17,21,19
9,15,Small Loss,1,38,15,23,19
10,16,Small Loss,0,42,14,28,19
11,16,Small Loss,1,36,16,20,19
12,17,Small Loss,0,31,12,19,19
13,17,Small Loss,1,46,10,36,19
14,18,Small Loss,0,36,13,23,19
15,18,Small Loss,1,41,11,30,19
16,19,Small Loss,0,44,14,30,19
17,19,Small Loss,1,39,17,22,19
18,20,Small Loss,0,43,14,29,19
19,20,Small Loss,1,35,9,26,19
20,21,Small Loss,0,42,14,28,19
21,21,Small Loss,1,38,18,20,19
22,22,Small Loss,0,43,13,30,19
23,22,Small Loss,1,32,11,21,19
24,23,Small Loss,0,46,16,30,19
25,23,Small Loss,1,35,12,23,19
26,24,Small Loss,0,52,23,29,19
27,24,Small Loss,1,31,15,16,19
28,25,Small Loss,0,43,18,25,19
29,25,Small Loss,1,39,12,27,19
30,26,Small Loss,0,38,24,14,19
31,26,Small Loss,1,44,12,32,19
32,27,Small Loss,0,45,19,26,19
33,27,Small Loss,1,37,9,28,19
34,28,Small Loss,0,39,18,21,19
35,28,Small Loss,1,45,23,22,19
36,29,Small Loss,0,43,21,22,19
37,29,Small Loss,1,36,15,21,19
38,30,Small Loss,0,35,11,24,19
39,30,Small Loss,1,45,20,25,19
40,31,Small Loss,0,39,16,23,19
41,31,Small Loss,1,42,17,25,19
42,32,Small Loss,0,36,15,21,19
43,32,Small Loss,1,44,18,26,19
44,33,Small Loss,0,46,19,27,19
45,33,Small Loss,1,43,19,24,19
46,34,Small Loss,0,43,17,26,19
47,34,Small Loss,1,46,14,32,19
48,35,Small Loss,0,44,16,28,19
49,35,Small Loss,1,43,18,25,19
50,36,Small Loss,0,35,14,21,19
51,36,Small Loss,1,43,14,29,19
52,37,Small Loss,0,39,14,25,19
53,37,Small Loss,1,42,13,29,19
54,38,Small Loss,0,48,15,33,19
55,38,Small Loss,1,41,18,23,19
56,39,Small Loss,0,51,22,29,19
57,39,Small Loss,1,34,12,22,19
58,40,Small Loss,0,42,17,25,19
59,40,Small Loss,1,44,16,28,19
60,41,Small Loss,0,45,14,31,19
61,41,Small Loss,1,43,20,23,19
62,42,Small Loss,0,43,18,25,19
63,42,Small Loss,1,43,17,26,19
64,43,Small Loss,0,48,19,29,19
65,43,Small Loss,1,40,16,24,19
66,44,Small Loss,0,44,20,24,19
67,44,Small Loss,1,33,12,21,19
68,45,Small Loss,0,38,9,29,19
69,45,Small Loss,1,46,13,33,19
70,46,Small Loss,0,53,23,30,19
71,46,Small Loss,1,33,12,21,19
72,47,Small Loss,0,49,18,31,19
73,47,Small Loss,1,39,14,25,19
74,48,Small Loss,0,39,17,22,19
75,48,Small Loss,1,43,18,25,19
76,49,Small Loss,0,48,26,22,19
77,49,Small Loss,1,39,10,29,19
78,50,Small Loss,0,47,15,32,19
79,50,Small Loss,1,35,16,19,19
80,51,Small Loss,0,48,16,32,19
81,51,Small Loss,1,39,21,18,19
82,52,Small Loss,0,43,22,21,19
83,52,Small Loss,1,43,14,29,19
84,53,Small Loss,0,48,16,32,19
85,53,Small Loss,1,42,18,24,19
86,54,Small Loss,0,45,19,26,19
87,54,Small Loss,1,38,16,22,19
88,55,Small Loss,0,44,16,28,19
89,55,Small Loss,1,43,14,29,19
90,56,Small Loss,0,49,24,25,19
91,56,Small Loss,1,38,15,23,19
92,57,Small Loss,0,42,21,21,19
93,57,Small Loss,1,41,11,30,19
94,58,Small Loss,0,45,15,30,19
95,58,Small Loss,1,48,20,28,19
96,59,Small Loss,0,42,14,28,19
97,59,Small Loss,1,47,17,30,19
98,60,Small Loss,0,45,22,23,19
99,60,Small Loss,1,48,19,29,19
100,61,Small Loss,0,39,15,24,19
101,61,Small Loss,1,47,18,29,19
102,62,Small Loss,0,39,16,23,19
103,62,Small Loss,1,47,19,28,19
104,63,Small Loss,0,50,14,36,19
105,63,Small Loss,1,43,18,25,19
106,64,Small Loss,0,45,16,29,19
107,64,Small Loss,1,44,16,28,19
108,65,Small Loss,0,52,23,29,19
109,65,Small Loss,1,37,16,21,19
110,66,Small Loss,0,38,17,21,19
111,66,Small Loss,1,48,21,27,19
112,67,Small Loss,0,46,19,27,19
113,67,Small Loss,1,45,23,22,19
114,68,Small Loss,0,47,18,29,19
115,68,Small Loss,1,44,16,28,19
116,69,Small Loss,0,47,23,24,19
117,69,Small Loss,1,46,15,31,19
118,70,Small Loss,0,53,17,36,19
119,70,Small Loss,1,40,16,24,19
120,71,Small Loss,0,47,23,24,19
121,71,Small Loss,1,46,22,24,19
122,72,Small Loss,0,52,20,32,19
123,72,Small Loss,1,36,10,26,19
124,73,Small Loss,0,53,19,34,19
125,73,Small Loss,1,38,13,25,19
126,74,Small Loss,0,43,16,27,19
127,74,Small Loss,1,49,13,36,19
128,75,Small Loss,0,51,18,33,19
129,75,Small Loss,1,33,12,21,19
130,76,Small Loss,0,44,18,26,19
131,76,Small Loss,1,47,17,30,19
132,77,Small Loss,0,41,15,26,19
133,77,Small Loss,1,40,13,27,19
134,78,Small Loss,0,51,16,35,19
135,78,Small Loss,1,37,18,19,19
136,79,Small Loss,0,48,20,28,19
137,79,Small Loss,1,40,15,25,19
138,80,Small Loss,0,46,19,27,19
139,80,Small Loss,1,44,11,33,19
140,81,Small Loss,0,46,18,28,19
141,81,Small Loss,1,45,11,34,19
142,82,Small Loss,0,54,18,36,19
143,82,Small Loss,1,40,13,27,19
144,83,Small Loss,0,45,21,24,19
145,83,Small Loss,1,48,19,29,19
146,84,Small Loss,0,37,14,23,19
147,84,Small Loss,1,47,22,25,19
148,85,Small Loss,0,55,21,34,19
149,85,Small Loss,1,39,20,19,19
150,86,Small Loss,0,53,18,35,19
151,86,Small Loss,1,39,15,24,19
152,87,Small Loss,0,40,16,24,19
153,87,Small Loss,1,49,21,28,19
154,88,Small Loss,0,52,19,33,19
155,88,Small Loss,1,46,20,26,19
156,89,Small Loss,0,49,18,31,19
157,89,Small Loss,1,44,17,27,19
158,90,Small Loss,0,47,17,30,19
159,90,Small Loss,1,42,18,24,19
160,91,Small Loss,0,45,17,28,19
161,91,Small Loss,1,41,18,23,19
162,92,Small Loss,0,47,19,28,19
163,92,Small Loss,1,40,11,29,19
164,93,Small Loss,0,43,15,28,19
165,93,Small Loss,1,44,15,29,19
166,94,Small Loss,0,43,11,32,19
167,94,Small Loss,1,51,15,36,19
168,95,Small Loss,0,46,21,25,19
169,95,Small Loss,1,44,22,22,19
170,96,Small Loss,0,47,18,29,19
171,96,Small Loss,1,45,13,32,19
172,97,Small Loss,0,46,15,31,19
173,97,Small Loss,1,43,12,31,19
174,98,Small Loss,0,47,20,27,19
175,98,Small Loss,1,44,16,28,19
176,99,Small Loss,0,58,20,38,19
177,99,Small Loss,1,37,17,20,19
178,100,Small Loss,0,49,17,32,19
179,100,Small Loss,1,35,11,24,19
180,101,Small Loss,0,48,16,32,19
181,101,Small Loss,1,45,19,26,19
182,102,Small Loss,0,53,20,33,19
183,102,Small Loss,1,40,15,25,19
184,103,Small Loss,0,43,18,25,19
185,103,Small Loss,1,46,23,23,19
186,104,Small Loss,0,48,15,33,19
187,104,Small Loss,1,48,18,30,19
188,105,Small Loss,0,39,9,30,19
189,105,Small Loss,1,57,21,36,19
190,106,Small Loss,0,49,21,28,19
191,106,Small Loss,1,37,10,27,19
192,107,Small Loss,0,51,18,33,19
193,107,Small Loss,1,38,17,21,19
194,108,Small Loss,0,47,16,31,19
195,108,Small Loss,1,39,15,24,19
196,109,Small Loss,0,43,14,29,19
197,109,Small Loss,1,46,20,26,19
198,110,Small Loss,0,43,18,25,19
199,110,Small Loss,1,47,19,28,19
200,111,Small Loss,0,45,14,31,19
201,111,Small Loss,1,48,19,29,19
202,112,Small Loss,0,41,15,26,19
203,112,Small Loss,1,51,18,33,19
204,113,Small Loss,0,47,16,31,19
205,113,Small Loss,1,40,16,24,19
206,114,Small Loss,0,50,16,34,19
207,114,Small Loss,1,46,18,28,19
208,115,Small Loss,0,47,13,34,19
209,115,Small Loss,1,44,21,23,19
210,116,Small Loss,0,44,22,22,19
211,116,Small Loss,1,46,16,30,19
212,117,Small Loss,0,51,22,29,19
213,117,Small Loss,1,43,15,28,19
214,118,Small Loss,0,47,20,27,19
215,118,Small Loss,1,39,10,29,19
216,119,Small Loss,0,46,23,23,19
217,119,Small Loss,1,44,13,31,19
218,120,Small Loss,0,45,18,27,19
219,120,Small Loss,1,47,23,24,19
220,121,Small Loss,0,49,19,30,19
221,121,Small Loss,1,48,13,35,19
222,122,Small Loss,0,44,16,28,19
223,122,Small Loss,1,43,18,25,19
224,123,Small Loss,0,40,15,25,19
225,123,Small Loss,1,51,19,32,19
226,124,Small Loss,0,45,23,22,19
227,124,Small Loss,1,48,19,29,19
228,125,Small Loss,0,43,13,30,19
229,125,Small Loss,1,46,14,32,19
230,126,Small Loss,0,48,19,29,19
231,126,Small Loss,1,43,11,32,19
232,127,Small Loss,0,43,19,24,19
233,127,Small Loss,1,50,17,33,19
234,128,Small Loss,0,48,22,26,19
235,128,Small Loss,1,45,19,26,19
236,129,Small Loss,0,43,12,31,19
237,129,Small Loss,1,44,12,32,19
238,130,Small Loss,0,53,19,34,19
239,130,Small Loss,1,44,13,31,19
240,131,Small Loss,0,36,16,20,19
241,131,Small Loss,1,51,16,35,19
242,132,Small Loss,0,44,14,30,19
243,132,Small Loss,1,47,19,28,19
244,133,Small Loss,0,48,19,29,19
245,133,Small Loss,1,48,19,29,19
246,134,Small Loss,0,48,16,32,19
247,134,Small Loss,1,51,15,36,19
248,135,Small Loss,0,48,19,29,19
249,135,Small Loss,1,46,22,24,19
250,136,Small Loss,0,46,16,30,19
251,136,Small Loss,1,50,25,25,19
252,137,Small Loss,0,46,17,29,19
253,137,Small Loss,1,45,14,31,19
254,138,Small Loss,0,49,21,28,19
255,138,Small Loss,1,34,17,17,19
256,139,Small Loss,0,45,22,23,19
257,139,Small Loss,1,43,19,24,19
258,140,Small Loss,0,51,19,32,19
259,140,Small Loss,1,42,14,28,19
260,141,Small Loss,0,40,16,24,19
261,141,Small Loss,1,47,16,31,19
262,142,Small Loss,0,49,23,26,19
263,142,Small Loss,1,51,15,36,19
264,143,Small Loss,0,50,21,29,19
265,143,Small Loss,1,46,27,19,19
266,144,Small Loss,0,47,16,31,19
267,144,Small Loss,1,41,21,20,19
268,145,Small Loss,0,45,18,27,19
269,145,Small Loss,1,41,16,25,19
270,146,Small Loss,0,42,18,24,19
271,146,Small Loss,1,50,21,29,19
272,147,Small Loss,0,51,22,29,19
273,147,Small Loss,1,39,18,21,19
274,148,Small Loss,0,45,18,27,19
275,148,Small Loss,1,49,18,31,19
276,149,Small Loss,0,44,22,22,19
277,149,Small Loss,1,49,15,34,19
278,150,Small Loss,0,43,19,24,19
279,150,Small Loss,1,53,23,30,19
280,151,Small Loss,0,34,13,21,19
281,151,Small Loss,1,55,20,35,19
282,152,Small Loss,0,52,26,26,19
283,152,Small Loss,1,38,14,24,19
284,153,Small Loss,0,45,20,25,19
285,153,Small Loss,1,45,20,25,19
286,154,Small Loss,0,44,13,31,19
287,154,Small Loss,1,39,21,18,19
288,155,Small Loss,0,44,19,25,19
289,155,Small Loss,1,51,18,33,19
290,156,Small Loss,0,49,22,27,19
291,156,Small Loss,1,38,13,25,19
292,157,Small Loss,0,49,20,29,19
293,157,Small Loss,1,43,15,28,19
294,158,Small Loss,0,48,20,28,19
295,158,Small Loss,1,45,17,28,19
296,159,Small Loss,0,58,25,33,19
297,159,Small Loss,1,42,13,29,19
298,160,Small Loss,0,43,19,24,19
299,160,Small Loss,1,45,9,36,19
300,161,Small Loss,0,49,23,26,19
301,161,Small Loss,1,39,12,27,19
302,162,Small Loss,0,50,21,29,19
303,162,Small Loss,1,43,14,29,19
304,163,Small Loss,0,39,23,16,19
305,163,Small Loss,1,53,28,25,19
306,164,Small Loss,0,47,18,29,19
307,164,Small Loss,1,44,17,27,19
308,165,Small Loss,0,48,24,24,19
309,165,Small Loss,1,46,16,30,19
310,166,Small Loss,0,47,21,26,19
311,166,Small Loss,1,44,18,26,19
312,167,Small Loss,0,47,16,31,19
313,167,Small Loss,1,54,18,36,19
314,168,Small Loss,0,41,16,25,19
315,168,Small Loss,1,53,20,33,19
316,169,Small Loss,0,42,17,25,19
317,169,Small Loss,1,45,15,30,19
318,170,Small Loss,0,46,16,30,19
319,170,Small Loss,1,42,16,26,19
320,171,Small Loss,0,41,13,28,19
321,171,Small Loss,1,57,19,38,19
322,172,Small Loss,0,48,19,29,19
323,172,Small Loss,1,42,19,23,19
324,173,Small Loss,0,46,16,30,19
325,173,Small Loss,1,46,17,29,19
326,174,Small Loss,0,37,16,21,19
327,174,Small Loss,1,54,24,30,19
328,175,Small Loss,0,44,13,31,19
329,175,Small Loss,1,47,12,35,19
330,176,Small Loss,0,49,15,34,19
331,176,Small Loss,1,45,20,25,19
332,177,Small Loss,0,44,17,27,19
333,177,Small Loss,1,48,22,26,19
334,178,Small Loss,0,47,20,27,19
335,178,Small Loss,1,49,18,31,19
336,179,Small Loss,0,51,20,31,19
337,179,Small Loss,1,40,17,23,19
338,180,Small Loss,0,34,10,24,19
339,180,Small Loss,1,61,22,39,19
340,181,Small Loss,0,48,22,26,19
341,181,Small Loss,1,47,11,36,19
342,182,Small Loss,0,34,10,24,19
343,182,Small Loss,1,53,19,34,19
344,183,Small Loss,0,45,23,22,19
345,183,Small Loss,1,41,18,23,19
346,184,Small Loss,0,42,21,21,19
347,184,Small Loss,1,54,21,33,19
348,185,Small Loss,0,44,18,26,19
349,185,Small Loss,1,48,19,29,19
350,186,Small Loss,0,35,19,16,19
351,186,Small Loss,1,60,22,38,19
352,187,Small Loss,0,41,15,26,19
353,187,Small Loss,1,51,25,26,19
354,188,Small Loss,0,38,15,23,19
355,188,Small Loss,1,58,26,32,19
356,189,Small Loss,0,46,13,33,19
357,189,Small Loss,1,43,17,26,19
358,190,Small Loss,0,42,12,30,19
359,190,Small Loss,1,48,18,30,19
360,191,Small Loss,0,43,17,26,19
361,191,Small Loss,1,49,15,34,19
362,192,Small Loss,0,42,11,31,19
363,192,Small Loss,1,46,14,32,19
364,193,Small Loss,0,50,16,34,19
365,193,Small Loss,1,43,19,24,19
366,194,Small Loss,0,47,20,27,19
367,194,Small Loss,1,44,11,33,19
368,195,Small Loss,0,42,19,23,19
369,195,Small Loss,1,52,23,29,19
370,196,Small Loss,0,39,19,20,19
371,196,Small Loss,1,51,22,29,19
372,197,Small Loss,0,47,17,30,19
373,197,Small Loss,1,48,22,26,19
374,198,Small Loss,0,46,17,29,19
375,198,Small Loss,1,44,21,23,19
376,199,Small Loss,0,28,10,18,19
377,199,Small Loss,1,65,26,39,19
378,200,Small Loss,0,52,21,31,19
379,200,Small Loss,1,42,17,25,19
380,201,Small Loss,0,53,19,34,19
381,201,Small Loss,1,42,13,29,19
382,202,Small Loss,0,49,22,27,19
383,202,Small Loss,1,48,14,34,19
384,203,Small Loss,0,55,15,40,19
385,203,Small Loss,1,39,19,20,19
386,204,Small Loss,0,48,10,38,19
387,204,Small Loss,1,44,11,33,19
388,205,Small Loss,0,48,19,29,19
389,205,Small Loss,1,45,22,23,19
390,206,Small Loss,0,46,12,34,19
391,206,Small Loss,1,46,15,31,19
392,207,Small Loss,0,44,17,27,19
393,207,Small Loss,1,48,18,30,19
394,208,Small Loss,0,49,20,29,19
395,208,Small Loss,1,46,18,28,19
396,209,Small Loss,0,57,19,38,19
397,209,Small Loss,1,42,11,31,19
398,210,Small Loss,0,44,19,25,19
399,210,Small Loss,1,48,19,29,19
400,211,Small Loss,0,41,13,28,19
401,211,Small Loss,1,53,20,33,19
402,212,Small Loss,0,42,19,23,19
403,212,Small Loss,1,41,16,25,19
404,213,Small Loss,0,57,21,36,19
405,213,Small Loss,1,41,22,19,19
406,214,Small Loss,0,48,18,30,19
407,214,Small Loss,1,47,13,34,19
408,215,Small Loss,0,55,22,33,19
409,215,Small Loss,1,37,9,28,19
410,216,Small Loss,0,54,26,28,19
411,216,Small Loss,1,39,17,22,19
412,217,Small Loss,0,55,19,36,19
413,217,Small Loss,1,42,17,25,19
414,218,Small Loss,0,52,18,34,19
415,218,Small Loss,1,39,14,25,19
416,219,Small Loss,0,46,11,35,19
417,219,Small Loss,1,44,19,25,19
418,220,Small Loss,0,52,20,32,19
419,220,Small Loss,1,46,18,28,19
420,221,Small Loss,0,48,12,36,19
421,221,Small Loss,1,48,21,27,19
422,222,Small Loss,0,41,17,24,19
423,222,Small Loss,1,52,22,30,19
424,223,Small Loss,0,49,20,29,19
425,223,Small Loss,1,49,20,29,19
426,224,Small Loss,0,45,21,24,19
427,224,Small Loss,1,47,14,33,19
428,225,Small Loss,0,40,15,25,19
429,225,Small Loss,1,49,19,30,19
430,226,Small Loss,0,45,16,29,19
431,226,Small Loss,1,48,15,33,19
432,227,Small Loss,0,48,19,29,19
433,227,Small Loss,1,46,11,35,19
434,228,Small Loss,0,38,13,25,19
435,228,Small Loss,1,51,26,25,19
436,229,Small Loss,0,49,21,28,19
437,229,Small Loss,1,49,21,28,19
438,230,Small Loss,0,52,21,31,19
439,230,Small Loss,1,45,20,25,19
440,231,Small Loss,0,39,21,18,19
441,231,Small Loss,1,57,26,31,19
442,232,Small Loss,0,47,23,24,19
443,232,Small Loss,1,48,21,27,19
444,233,Small Loss,0,51,17,34,19
445,233,Small Loss,1,44,17,27,19
446,234,Small Loss,0,46,21,25,19
447,234,Small Loss,1,48,19,29,19
448,235,Small Loss,0,47,18,29,19
449,235,Small Loss,1,49,17,32,19
450,236,Small Loss,0,37,13,24,19
451,236,Small Loss,1,58,18,40,19
452,237,Small Loss,0,48,17,31,19
453,237,Small Loss,1,52,17,35,19
454,238,Small Loss,0,47,19,28,19
455,238,Small Loss,1,42,17,25,19
456,239,Small Loss,0,45,22,23,19
457,239,Small Loss,1,50,19,31,19
458,240,Small Loss,0,46,19,27,19
459,240,Small Loss,1,44,15,29,19
460,241,Small Loss,0,45,18,27,19
461,241,Small Loss,1,44,14,30,19
462,242,Small Loss,0,43,17,26,19
463,242,Small Loss,1,50,20,30,19
464,243,Small Loss,0,49,18,31,19
465,243,Small Loss,1,40,7,33,19
466,244,Small Loss,0,45,13,32,19
467,244,Small Loss,1,48,21,27,19
468,245,Small Loss,0,49,24,25,19
469,245,Small Loss,1,45,13,32,19
470,246,Small Loss,0,48,18,30,19
471,246,Small Loss,1,45,19,26,19
472,247,Small Loss,0,36,9,27,19
473,247,Small Loss,1,52,21,31,19
474,248,Small Loss,0,41,14,27,19
475,248,Small Loss,1,48,22,26,19
476,249,Small Loss,0,55,25,30,19
477,249,Small Loss,1,40,14,26,19
478,250,Small Loss,0,46,20,26,19
479,250,Small Loss,1,51,22,29,19
480,251,Small Loss,0,42,17,25,19
481,251,Small Loss,1,52,19,33,19
482,252,Small Loss,0,45,16,29,19
483,252,Small Loss,1,46,20,26,19
484,253,Small Loss,0,48,17,31,19
485,253,Small Loss,1,42,15,27,19
486,254,Small Loss,0,53,17,36,19
487,254,Small Loss,1,44,22,22,19
488,255,Small Loss,0,50,18,32,19
489,255,Small Loss,1,44,15,29,19
490,256,Small Loss,0,48,20,28,19
491,256,Small Loss,1,49,18,31,19
492,257,Small Loss,0,52,16,36,19
493,257,Small Loss,1,35,14,21,19
494,258,Small Loss,0,53,19,34,19
495,258,Small Loss,1,34,16,18,19
496,259,Small Loss,0,48,20,28,19
497,259,Small Loss,1,45,14,31,19
498,260,Small Loss,0,44,12,32,19
499,260,Small Loss,1,39,12,27,19
500,261,Small Loss,0,45,12,33,19
501,261,Small Loss,1,43,21,22,19
502,262,Small Loss,0,51,24,27,19
503,262,Small Loss,1,37,14,23,19
504,263,Small Loss,0,43,17,26,19
505,263,Small Loss,1,54,20,34,19
506,264,Small Loss,0,39,22,17,19
507,264,Small Loss,1,57,18,39,19
508,265,Small Loss,0,52,17,35,19
509,265,Small Loss,1,43,15,28,19
510,266,Small Loss,0,54,23,31,19
511,266,Small Loss,1,44,13,31,19
512,267,Small Loss,0,48,21,27,19
513,267,Small Loss,1,44,18,26,19
514,268,Small Loss,0,37,14,23,19
515,268,Small Loss,1,53,18,35,19
516,269,Small Loss,0,54,27,27,19
517,269,Small Loss,1,35,14,21,19
518,270,Small Loss,0,40,13,27,19
519,270,Small Loss,1,54,27,27,19
520,271,Small Loss,0,47,14,33,19
521,271,Small Loss,1,46,12,34,19
522,272,Small Loss,0,46,17,29,19
523,272,Small Loss,1,48,18,30,19
524,273,Small Loss,0,47,19,28,19
525,273,Small Loss,1,44,14,30,19
526,274,Small Loss,0,43,15,28,19
527,274,Small Loss,1,49,17,32,19
528,275,Small Loss,0,53,22,31,19
529,275,Small Loss,1,42,13,29,19
530,276,Small Loss,0,42,10,32,19
531,276,Small Loss,1,50,23,27,19
532,277,Small Loss,0,43,15,28,19
533,277,Small Loss,1,46,12,34,19
534,278,Small Loss,0,43,13,30,19
535,278,Small Loss,1,51,29,22,19
536,279,Small Loss,0,43,16,27,19
537,279,Small Loss,1,46,16,30,19
538,280,Small Loss,0,39,15,24,19
539,280,Small Loss,1,52,17,35,19
540,281,Small Loss,0,55,21,34,19
541,281,Small Loss,1,40,17,23,19
542,282,Small Loss,0,41,13,28,19
543,282,Small Loss,1,49,19,30,19
544,283,Small Loss,0,46,18,28,19
545,283,Small Loss,1,48,18,30,19
546,284,Small Loss,0,46,20,26,19
547,284,Small Loss,1,39,20,19,19
548,285,Small Loss,0,52,18,34,19
549,285,Small Loss,1,42,16,26,19
550,286,Small Loss,0,40,18,22,19
551,286,Small Loss,1,47,21,26,19
552,287,Small Loss,0,50,23,27,19
553,287,Small Loss,1,47,16,31,19
554,288,Small Loss,0,39,15,24,19
555,288,Small Loss,1,53,13,40,19
556,289,Small Loss,0,49,21,28,19
557,289,Small Loss,1,48,22,26,19
558,290,Small Loss,0,52,14,38,19
559,290,Small Loss,1,41,19,22,19
560,291,Small Loss,0,44,16,28,19
561,291,Small Loss,1,43,20,23,19
562,292,Small Loss,0,45,19,26,19
563,292,Small Loss,1,51,19,32,19
564,293,Small Loss,0,51,16,35,19
565,293,Small Loss,1,42,17,25,19
566,294,Small Loss,0,46,20,26,19
567,294,Small Loss,1,43,16,27,19
568,295,Small Loss,0,50,19,31,19
569,295,Small Loss,1,47,18,29,19
570,296,Small Loss,0,41,19,22,19
571,296,Small Loss,1,52,20,32,19
572,297,Small Loss,0,32,16,16,19
573,297,Small Loss,1,61,26,35,19
574,298,Small Loss,0,45,16,29,19
575,298,Small Loss,1,48,22,26,19
576,299,Small Loss,0,52,20,32,19
577,299,Small Loss,1,42,11,31,19
