,epoch,method,label,total,TP,FP,seed
0,11,BMM,0,2247,843,1404,37
1,11,BMM,1,2266,863,1403,37
2,12,BMM,0,2211,807,1404,37
3,12,BMM,1,2494,979,1515,37
4,13,BMM,0,2309,852,1457,37
5,13,BMM,1,2538,988,1550,37
6,14,BMM,0,2361,901,1460,37
7,14,BMM,1,2613,1039,1574,37
8,15,BMM,0,2419,909,1510,37
9,15,BMM,1,2635,1049,1586,37
10,16,BMM,0,2487,943,1544,37
11,16,BMM,1,2667,1066,1601,37
12,17,BMM,0,2519,965,1554,37
13,17,BMM,1,2659,1070,1589,37
14,18,BMM,0,2547,975,1572,37
15,18,BMM,1,2687,1092,1595,37
16,19,BMM,0,2543,978,1565,37
17,19,BMM,1,2734,1103,1631,37
18,20,BMM,0,2579,989,1590,37
19,20,BMM,1,2726,1098,1628,37
20,21,BMM,0,2601,1006,1595,37
21,21,BMM,1,2744,1115,1629,37
22,22,BMM,0,2622,1014,1608,37
23,22,BMM,1,2776,1117,1659,37
24,23,BMM,0,2620,1018,1602,37
25,23,BMM,1,2789,1129,1660,37
26,24,BMM,0,2645,1016,1629,37
27,24,BMM,1,2787,1128,1659,37
28,25,BMM,0,2658,1029,1629,37
29,25,BMM,1,2798,1135,1663,37
30,26,BMM,0,2689,1036,1653,37
31,26,BMM,1,2804,1142,1662,37
32,27,BMM,0,2693,1034,1659,37
33,27,BMM,1,2813,1138,1675,37
34,28,BMM,0,2689,1037,1652,37
35,28,BMM,1,2828,1144,1684,37
36,29,BMM,0,2700,1045,1655,37
37,29,BMM,1,2824,1143,1681,37
38,30,BMM,0,2715,1051,1664,37
39,30,BMM,1,2847,1150,1697,37
40,31,BMM,0,2672,1034,1638,37
41,31,BMM,1,2837,1149,1688,37
42,32,BMM,0,2737,1058,1679,37
43,32,BMM,1,2847,1154,1693,37
44,33,BMM,0,2733,1055,1678,37
45,33,BMM,1,2855,1157,1698,37
46,34,BMM,0,2763,1069,1694,37
47,34,BMM,1,2855,1156,1699,37
48,35,BMM,0,2754,1065,1689,37
49,35,BMM,1,2874,1163,1711,37
50,36,BMM,0,2776,1073,1703,37
51,36,BMM,1,2869,1163,1706,37
52,37,BMM,0,2771,1069,1702,37
53,37,BMM,1,2875,1169,1706,37
54,38,BMM,0,2782,1069,1713,37
55,38,BMM,1,2878,1168,1710,37
56,39,BMM,0,2784,1078,1706,37
57,39,BMM,1,2881,1171,1710,37
58,40,BMM,0,2794,1077,1717,37
59,40,BMM,1,2888,1173,1715,37
60,41,BMM,0,2704,1044,1660,37
61,41,BMM,1,2841,1147,1694,37
62,42,BMM,0,2797,1075,1722,37
63,42,BMM,1,2898,1177,1721,37
64,43,BMM,0,2747,1053,1694,37
65,43,BMM,1,2902,1178,1724,37
66,44,BMM,0,2811,1086,1725,37
67,44,BMM,1,2840,1154,1686,37
68,45,BMM,0,2775,1070,1705,37
69,45,BMM,1,2896,1175,1721,37
70,46,BMM,0,2720,1051,1669,37
71,46,BMM,1,2907,1179,1728,37
72,47,BMM,0,2826,1087,1739,37
73,47,BMM,1,2916,1180,1736,37
74,48,BMM,0,2779,1076,1703,37
75,48,BMM,1,2852,1159,1693,37
76,49,BMM,0,2824,1091,1733,37
77,49,BMM,1,2870,1160,1710,37
78,50,BMM,0,2837,1096,1741,37
79,50,BMM,1,2926,1189,1737,37
80,51,BMM,0,2841,1098,1743,37
81,51,BMM,1,2921,1179,1742,37
82,52,BMM,0,2789,1085,1704,37
83,52,BMM,1,2771,1115,1656,37
84,53,BMM,0,2789,1075,1714,37
85,53,BMM,1,2879,1163,1716,37
86,54,BMM,0,2853,1103,1750,37
87,54,BMM,1,2932,1189,1743,37
88,55,BMM,0,2804,1087,1717,37
89,55,BMM,1,2929,1187,1742,37
90,56,BMM,0,2800,1076,1724,37
91,56,BMM,1,2840,1150,1690,37
92,57,BMM,0,2801,1076,1725,37
93,57,BMM,1,2941,1191,1750,37
94,58,BMM,0,2855,1100,1755,37
95,58,BMM,1,2839,1153,1686,37
96,59,BMM,0,2770,1071,1699,37
97,59,BMM,1,2898,1180,1718,37
98,60,BMM,0,2718,1048,1670,37
99,60,BMM,1,2946,1195,1751,37
100,61,BMM,0,2819,1089,1730,37
101,61,BMM,1,2902,1180,1722,37
102,62,BMM,0,2869,1111,1758,37
103,62,BMM,1,2905,1173,1732,37
104,63,BMM,0,2873,1109,1764,37
105,63,BMM,1,2848,1146,1702,37
106,64,BMM,0,2821,1092,1729,37
107,64,BMM,1,2913,1177,1736,37
108,65,BMM,0,2824,1089,1735,37
109,65,BMM,1,2907,1185,1722,37
110,66,BMM,0,2717,1043,1674,37
111,66,BMM,1,2959,1200,1759,37
112,67,BMM,0,2725,1052,1673,37
113,67,BMM,1,2848,1160,1688,37
114,68,BMM,0,2881,1115,1766,37
115,68,BMM,1,2914,1175,1739,37
116,69,BMM,0,2885,1117,1768,37
117,69,BMM,1,2920,1184,1736,37
118,70,BMM,0,2843,1101,1742,37
119,70,BMM,1,2916,1179,1737,37
120,71,BMM,0,2794,1082,1712,37
121,71,BMM,1,2819,1146,1673,37
122,72,BMM,0,2834,1096,1738,37
123,72,BMM,1,2920,1190,1730,37
124,73,BMM,0,2850,1102,1748,37
125,73,BMM,1,2816,1140,1676,37
126,74,BMM,0,2743,1068,1675,37
127,74,BMM,1,2975,1208,1767,37
128,75,BMM,0,2894,1122,1772,37
129,75,BMM,1,2979,1207,1772,37
130,76,BMM,0,2897,1124,1773,37
131,76,BMM,1,2978,1208,1770,37
132,77,BMM,0,2802,1091,1711,37
133,77,BMM,1,2922,1190,1732,37
134,78,BMM,0,2854,1115,1739,37
135,78,BMM,1,2863,1161,1702,37
136,79,BMM,0,2808,1096,1712,37
137,79,BMM,1,2979,1210,1769,37
138,80,BMM,0,2905,1129,1776,37
139,80,BMM,1,2876,1155,1721,37
140,81,BMM,0,2847,1107,1740,37
141,81,BMM,1,2815,1139,1676,37
142,82,BMM,0,2861,1112,1749,37
143,82,BMM,1,2876,1170,1706,37
144,83,BMM,0,2906,1129,1777,37
145,83,BMM,1,2936,1189,1747,37
146,84,BMM,0,2866,1113,1753,37
147,84,BMM,1,2877,1163,1714,37
148,85,BMM,0,2858,1106,1752,37
149,85,BMM,1,2927,1187,1740,37
150,86,BMM,0,2916,1137,1779,37
151,86,BMM,1,2875,1169,1706,37
152,87,BMM,0,2714,1051,1663,37
153,87,BMM,1,2993,1212,1781,37
154,88,BMM,0,2855,1120,1735,37
155,88,BMM,1,2888,1181,1707,37
156,89,BMM,0,2795,1098,1697,37
157,89,BMM,1,2835,1149,1686,37
158,90,BMM,0,2870,1114,1756,37
159,90,BMM,1,2997,1214,1783,37
160,91,BMM,0,2867,1113,1754,37
161,91,BMM,1,2993,1213,1780,37
162,92,BMM,0,2771,1076,1695,37
163,92,BMM,1,2832,1141,1691,37
164,93,BMM,0,2839,1106,1733,37
165,93,BMM,1,2940,1194,1746,37
166,94,BMM,0,2865,1110,1755,37
167,94,BMM,1,2891,1173,1718,37
168,95,BMM,0,2827,1100,1727,37
169,95,BMM,1,2899,1173,1726,37
170,96,BMM,0,2768,1077,1691,37
171,96,BMM,1,2795,1145,1650,37
172,97,BMM,0,2708,1064,1644,37
173,97,BMM,1,2836,1150,1686,37
174,98,BMM,0,2830,1105,1725,37
175,98,BMM,1,2835,1146,1689,37
176,99,BMM,0,2826,1095,1731,37
177,99,BMM,1,2810,1133,1677,37
178,100,BMM,0,2876,1120,1756,37
179,100,BMM,1,2949,1196,1753,37
180,101,BMM,0,2824,1097,1727,37
181,101,BMM,1,2956,1201,1755,37
182,102,BMM,0,2825,1095,1730,37
183,102,BMM,1,2852,1162,1690,37
184,103,BMM,0,2822,1100,1722,37
185,103,BMM,1,2944,1200,1744,37
186,104,BMM,0,2936,1146,1790,37
187,104,BMM,1,2806,1134,1672,37
188,105,BMM,0,2830,1107,1723,37
189,105,BMM,1,2887,1168,1719,37
190,106,BMM,0,2822,1098,1724,37
191,106,BMM,1,2966,1199,1767,37
192,107,BMM,0,2883,1125,1758,37
193,107,BMM,1,2903,1169,1734,37
194,108,BMM,0,2788,1095,1693,37
195,108,BMM,1,2953,1194,1759,37
196,109,BMM,0,2808,1106,1702,37
197,109,BMM,1,2948,1198,1750,37
198,110,BMM,0,2790,1087,1703,37
199,110,BMM,1,2909,1177,1732,37
200,111,BMM,0,2884,1125,1759,37
201,111,BMM,1,2841,1155,1686,37
202,112,BMM,0,2887,1125,1762,37
203,112,BMM,1,2960,1202,1758,37
204,113,BMM,0,2850,1109,1741,37
205,113,BMM,1,2909,1173,1736,37
206,114,BMM,0,2840,1112,1728,37
207,114,BMM,1,2969,1204,1765,37
208,115,BMM,0,2786,1097,1689,37
209,115,BMM,1,2966,1202,1764,37
210,116,BMM,0,2835,1108,1727,37
211,116,BMM,1,2908,1183,1725,37
212,117,BMM,0,2946,1153,1793,37
213,117,BMM,1,2961,1204,1757,37
214,118,BMM,0,2946,1152,1794,37
215,118,BMM,1,2821,1140,1681,37
216,119,BMM,0,2945,1150,1795,37
217,119,BMM,1,2910,1177,1733,37
218,120,BMM,0,2799,1099,1700,37
219,120,BMM,1,2914,1190,1724,37
220,121,BMM,0,2857,1121,1736,37
221,121,BMM,1,2909,1174,1735,37
222,122,BMM,0,2755,1075,1680,37
223,122,BMM,1,2963,1207,1756,37
224,123,BMM,0,2703,1062,1641,37
225,123,BMM,1,2749,1107,1642,37
226,124,BMM,0,2759,1082,1677,37
227,124,BMM,1,2758,1123,1635,37
228,125,BMM,0,2842,1115,1727,37
229,125,BMM,1,2978,1209,1769,37
230,126,BMM,0,2749,1055,1694,37
231,126,BMM,1,2925,1184,1741,37
232,127,BMM,0,2953,1154,1799,37
233,127,BMM,1,2917,1181,1736,37
234,128,BMM,0,2900,1134,1766,37
235,128,BMM,1,2917,1182,1735,37
236,129,BMM,0,2848,1113,1735,37
237,129,BMM,1,2822,1148,1674,37
238,130,BMM,0,2903,1137,1766,37
239,130,BMM,1,2971,1207,1764,37
240,131,BMM,0,2661,1038,1623,37
241,131,BMM,1,3033,1230,1803,37
242,132,BMM,0,2741,1069,1672,37
243,132,BMM,1,2718,1104,1614,37
244,133,BMM,0,2855,1115,1740,37
245,133,BMM,1,3033,1231,1802,37
246,134,BMM,0,2843,1112,1731,37
247,134,BMM,1,2831,1147,1684,37
248,135,BMM,0,2803,1104,1699,37
249,135,BMM,1,2864,1166,1698,37
250,136,BMM,0,2637,1031,1606,37
251,136,BMM,1,2923,1189,1734,37
252,137,BMM,0,2705,1071,1634,37
253,137,BMM,1,2700,1089,1611,37
254,138,BMM,0,2905,1137,1768,37
255,138,BMM,1,2879,1172,1707,37
256,139,BMM,0,2956,1155,1801,37
257,139,BMM,1,2780,1129,1651,37
258,140,BMM,0,2858,1119,1739,37
259,140,BMM,1,2782,1116,1666,37
260,141,BMM,0,2737,1077,1660,37
261,141,BMM,1,2846,1169,1677,37
262,142,BMM,0,2708,1059,1649,37
263,142,BMM,1,2848,1171,1677,37
264,143,BMM,0,2822,1111,1711,37
265,143,BMM,1,2825,1157,1668,37
266,144,BMM,0,2848,1109,1739,37
267,144,BMM,1,2734,1117,1617,37
268,145,BMM,0,2788,1094,1694,37
269,145,BMM,1,2882,1169,1713,37
270,146,BMM,0,2713,1054,1659,37
271,146,BMM,1,2774,1128,1646,37
272,147,BMM,0,2801,1096,1705,37
273,147,BMM,1,2756,1115,1641,37
274,148,BMM,0,2959,1156,1803,37
275,148,BMM,1,2878,1157,1721,37
276,149,BMM,0,2859,1118,1741,37
277,149,BMM,1,2781,1131,1650,37
278,150,BMM,0,2909,1134,1775,37
279,150,BMM,1,2772,1126,1646,37
280,151,BMM,0,2846,1110,1736,37
281,151,BMM,1,2813,1150,1663,37
282,152,BMM,0,2530,1004,1526,37
283,152,BMM,1,2925,1190,1735,37
284,153,BMM,0,2737,1053,1684,37
285,153,BMM,1,2780,1133,1647,37
286,154,BMM,0,2752,1070,1682,37
287,154,BMM,1,2861,1157,1704,37
288,155,BMM,0,2760,1082,1678,37
289,155,BMM,1,2821,1142,1679,37
290,156,BMM,0,2860,1116,1744,37
291,156,BMM,1,2770,1117,1653,37
292,157,BMM,0,2836,1098,1738,37
293,157,BMM,1,2831,1147,1684,37
294,158,BMM,0,2856,1109,1747,37
295,158,BMM,1,2943,1191,1752,37
296,159,BMM,0,2735,1073,1662,37
297,159,BMM,1,2995,1213,1782,37
298,160,BMM,0,2861,1122,1739,37
299,160,BMM,1,2833,1156,1677,37
300,161,BMM,0,2813,1096,1717,37
301,161,BMM,1,2840,1150,1690,37
302,162,BMM,0,2800,1098,1702,37
303,162,BMM,1,2943,1187,1756,37
304,163,BMM,0,2750,1072,1678,37
305,163,BMM,1,2872,1167,1705,37
306,164,BMM,0,2816,1102,1714,37
307,164,BMM,1,2783,1125,1658,37
308,165,BMM,0,2687,1039,1648,37
309,165,BMM,1,2837,1149,1688,37
310,166,BMM,0,2810,1102,1708,37
311,166,BMM,1,2629,1069,1560,37
312,167,BMM,0,2769,1076,1693,37
313,167,BMM,1,2936,1199,1737,37
314,168,BMM,0,2670,1046,1624,37
315,168,BMM,1,2662,1073,1589,37
316,169,BMM,0,2910,1141,1769,37
317,169,BMM,1,2724,1110,1614,37
318,170,BMM,0,2860,1121,1739,37
319,170,BMM,1,2988,1213,1775,37
320,171,BMM,0,2769,1074,1695,37
321,171,BMM,1,2935,1183,1752,37
322,172,BMM,0,2753,1083,1670,37
323,172,BMM,1,3040,1233,1807,37
324,173,BMM,0,2543,985,1558,37
325,173,BMM,1,2870,1171,1699,37
326,174,BMM,0,2859,1113,1746,37
327,174,BMM,1,2823,1147,1676,37
328,175,BMM,0,2759,1065,1694,37
329,175,BMM,1,2824,1147,1677,37
330,176,BMM,0,2758,1083,1675,37
331,176,BMM,1,2832,1149,1683,37
332,177,BMM,0,2873,1120,1753,37
333,177,BMM,1,2933,1185,1748,37
334,178,BMM,0,2859,1120,1739,37
335,178,BMM,1,2893,1168,1725,37
336,179,BMM,0,2864,1117,1747,37
337,179,BMM,1,2776,1131,1645,37
338,180,BMM,0,2760,1083,1677,37
339,180,BMM,1,2798,1141,1657,37
340,181,BMM,0,2863,1121,1742,37
341,181,BMM,1,2989,1214,1775,37
342,182,BMM,0,2761,1074,1687,37
343,182,BMM,1,2725,1100,1625,37
344,183,BMM,0,2718,1057,1661,37
345,183,BMM,1,2744,1118,1626,37
346,184,BMM,0,2918,1145,1773,37
347,184,BMM,1,2782,1121,1661,37
348,185,BMM,0,2807,1098,1709,37
349,185,BMM,1,2985,1213,1772,37
350,186,BMM,0,2831,1108,1723,37
351,186,BMM,1,2881,1179,1702,37
352,187,BMM,0,2869,1114,1755,37
353,187,BMM,1,2570,1045,1525,37
354,188,BMM,0,2725,1064,1661,37
355,188,BMM,1,2618,1063,1555,37
356,189,BMM,0,2817,1089,1728,37
357,189,BMM,1,2945,1193,1752,37
358,190,BMM,0,2869,1115,1754,37
359,190,BMM,1,2938,1198,1740,37
360,191,BMM,0,2861,1120,1741,37
361,191,BMM,1,2759,1107,1652,37
362,192,BMM,0,2864,1119,1745,37
363,192,BMM,1,2928,1188,1740,37
364,193,BMM,0,2754,1075,1679,37
365,193,BMM,1,2880,1162,1718,37
366,194,BMM,0,2810,1098,1712,37
367,194,BMM,1,2849,1162,1687,37
368,195,BMM,0,2969,1161,1808,37
369,195,BMM,1,2864,1164,1700,37
370,196,BMM,0,2924,1143,1781,37
371,196,BMM,1,2930,1197,1733,37
372,197,BMM,0,2747,1076,1671,37
373,197,BMM,1,2944,1191,1753,37
374,198,BMM,0,2870,1127,1743,37
375,198,BMM,1,2733,1116,1617,37
376,199,BMM,0,2648,1033,1615,37
377,199,BMM,1,2883,1172,1711,37
378,200,BMM,0,2750,1073,1677,37
379,200,BMM,1,2939,1182,1757,37
380,201,BMM,0,2699,1053,1646,37
381,201,BMM,1,2882,1166,1716,37
382,202,BMM,0,2817,1099,1718,37
383,202,BMM,1,2895,1177,1718,37
384,203,BMM,0,2764,1080,1684,37
385,203,BMM,1,2888,1180,1708,37
386,204,BMM,0,2819,1108,1711,37
387,204,BMM,1,2935,1187,1748,37
388,205,BMM,0,2772,1067,1705,37
389,205,BMM,1,2832,1156,1676,37
390,206,BMM,0,2807,1100,1707,37
391,206,BMM,1,2893,1175,1718,37
392,207,BMM,0,2761,1087,1674,37
393,207,BMM,1,2878,1173,1705,37
394,208,BMM,0,2810,1106,1704,37
395,208,BMM,1,2885,1182,1703,37
396,209,BMM,0,2722,1074,1648,37
397,209,BMM,1,3049,1236,1813,37
398,210,BMM,0,2923,1142,1781,37
399,210,BMM,1,2992,1216,1776,37
400,211,BMM,0,2862,1119,1743,37
401,211,BMM,1,3055,1236,1819,37
402,212,BMM,0,2928,1145,1783,37
403,212,BMM,1,2793,1132,1661,37
404,213,BMM,0,2986,1169,1817,37
405,213,BMM,1,2993,1207,1786,37
406,214,BMM,0,2816,1103,1713,37
407,214,BMM,1,3008,1212,1796,37
408,215,BMM,0,2830,1105,1725,37
409,215,BMM,1,2844,1147,1697,37
410,216,BMM,0,2951,1157,1794,37
411,216,BMM,1,2804,1136,1668,37
412,217,BMM,0,3001,1179,1822,37
413,217,BMM,1,3018,1220,1798,37
414,218,BMM,0,2918,1153,1765,37
415,218,BMM,1,3021,1224,1797,37
416,219,BMM,0,2901,1136,1765,37
417,219,BMM,1,2959,1192,1767,37
418,220,BMM,0,2835,1121,1714,37
419,220,BMM,1,3079,1246,1833,37
420,221,BMM,0,2913,1147,1766,37
421,221,BMM,1,2971,1203,1768,37
422,222,BMM,0,2969,1168,1801,37
423,222,BMM,1,2978,1202,1776,37
424,223,BMM,0,2793,1107,1686,37
425,223,BMM,1,3025,1219,1806,37
426,224,BMM,0,2825,1112,1713,37
427,224,BMM,1,2968,1193,1775,37
428,225,BMM,0,2780,1102,1678,37
429,225,BMM,1,2867,1168,1699,37
430,226,BMM,0,3036,1194,1842,37
431,226,BMM,1,3090,1253,1837,37
432,227,BMM,0,2834,1111,1723,37
433,227,BMM,1,2984,1198,1786,37
434,228,BMM,0,2826,1114,1712,37
435,228,BMM,1,2886,1167,1719,37
436,229,BMM,0,2982,1170,1812,37
437,229,BMM,1,2952,1189,1763,37
438,230,BMM,0,3052,1200,1852,37
439,230,BMM,1,2994,1206,1788,37
440,231,BMM,0,2952,1156,1796,37
441,231,BMM,1,3105,1256,1849,37
442,232,BMM,0,2922,1144,1778,37
443,232,BMM,1,3004,1212,1792,37
444,233,BMM,0,2849,1117,1732,37
445,233,BMM,1,3112,1256,1856,37
446,234,BMM,0,2991,1172,1819,37
447,234,BMM,1,3057,1235,1822,37
448,235,BMM,0,2953,1161,1792,37
449,235,BMM,1,3013,1208,1805,37
450,236,BMM,0,2989,1167,1822,37
451,236,BMM,1,3028,1222,1806,37
452,237,BMM,0,2908,1150,1758,37
453,237,BMM,1,3130,1263,1867,37
454,238,BMM,0,2970,1163,1807,37
455,238,BMM,1,3139,1268,1871,37
456,239,BMM,0,2853,1129,1724,37
457,239,BMM,1,3044,1231,1813,37
458,240,BMM,0,3060,1199,1861,37
459,240,BMM,1,3144,1271,1873,37
460,241,BMM,0,3060,1202,1858,37
461,241,BMM,1,3086,1246,1840,37
462,242,BMM,0,3011,1187,1824,37
463,242,BMM,1,3144,1271,1873,37
464,243,BMM,0,2906,1142,1764,37
465,243,BMM,1,2995,1214,1781,37
466,244,BMM,0,2949,1159,1790,37
467,244,BMM,1,2995,1205,1790,37
468,245,BMM,0,3017,1186,1831,37
469,245,BMM,1,3048,1230,1818,37
470,246,BMM,0,3005,1177,1828,37
471,246,BMM,1,3056,1233,1823,37
472,247,BMM,0,3072,1208,1864,37
473,247,BMM,1,3162,1280,1882,37
474,248,BMM,0,2984,1183,1801,37
475,248,BMM,1,3108,1248,1860,37
476,249,BMM,0,2885,1134,1751,37
477,249,BMM,1,3072,1245,1827,37
478,250,BMM,0,3081,1216,1865,37
479,250,BMM,1,3066,1242,1824,37
480,251,BMM,0,3089,1216,1873,37
481,251,BMM,1,3163,1278,1885,37
482,252,BMM,0,2980,1184,1796,37
483,252,BMM,1,3052,1237,1815,37
484,253,BMM,0,3044,1204,1840,37
485,253,BMM,1,2906,1170,1736,37
486,254,BMM,0,3084,1212,1872,37
487,254,BMM,1,2907,1171,1736,37
488,255,BMM,0,3086,1215,1871,37
489,255,BMM,1,3169,1282,1887,37
490,256,BMM,0,3035,1193,1842,37
491,256,BMM,1,3129,1252,1877,37
492,257,BMM,0,2940,1161,1779,37
493,257,BMM,1,3166,1272,1894,37
494,258,BMM,0,3032,1184,1848,37
495,258,BMM,1,3080,1239,1841,37
496,259,BMM,0,3029,1190,1839,37
497,259,BMM,1,3071,1233,1838,37
498,260,BMM,0,3046,1199,1847,37
499,260,BMM,1,3013,1220,1793,37
500,261,BMM,0,3093,1212,1881,37
501,261,BMM,1,3123,1260,1863,37
502,262,BMM,0,2868,1129,1739,37
503,262,BMM,1,3184,1283,1901,37
504,263,BMM,0,3042,1194,1848,37
505,263,BMM,1,3189,1283,1906,37
506,264,BMM,0,2993,1183,1810,37
507,264,BMM,1,3125,1254,1871,37
508,265,BMM,0,3107,1226,1881,37
509,265,BMM,1,3132,1259,1873,37
510,266,BMM,0,3106,1225,1881,37
511,266,BMM,1,3188,1284,1904,37
512,267,BMM,0,3052,1204,1848,37
513,267,BMM,1,3190,1287,1903,37
514,268,BMM,0,3013,1197,1816,37
515,268,BMM,1,3138,1268,1870,37
516,269,BMM,0,2940,1157,1783,37
517,269,BMM,1,3149,1269,1880,37
518,270,BMM,0,2894,1140,1754,37
519,270,BMM,1,3137,1258,1879,37
520,271,BMM,0,3112,1227,1885,37
521,271,BMM,1,3023,1210,1813,37
522,272,BMM,0,3049,1209,1840,37
523,272,BMM,1,3198,1285,1913,37
524,273,BMM,0,3072,1216,1856,37
525,273,BMM,1,3049,1228,1821,37
526,274,BMM,0,3069,1215,1854,37
527,274,BMM,1,3139,1261,1878,37
528,275,BMM,0,3070,1217,1853,37
529,275,BMM,1,3001,1207,1794,37
530,276,BMM,0,3120,1235,1885,37
531,276,BMM,1,3106,1252,1854,37
532,277,BMM,0,2965,1166,1799,37
533,277,BMM,1,3197,1285,1912,37
534,278,BMM,0,3015,1191,1824,37
535,278,BMM,1,3157,1272,1885,37
536,279,BMM,0,2949,1156,1793,37
537,279,BMM,1,2925,1184,1741,37
538,280,BMM,0,2860,1117,1743,37
539,280,BMM,1,3085,1245,1840,37
540,281,BMM,0,3125,1237,1888,37
541,281,BMM,1,3151,1276,1875,37
542,282,BMM,0,2967,1169,1798,37
543,282,BMM,1,3212,1289,1923,37
544,283,BMM,0,3025,1194,1831,37
545,283,BMM,1,3216,1296,1920,37
546,284,BMM,0,3122,1233,1889,37
547,284,BMM,1,3040,1232,1808,37
548,285,BMM,0,3087,1221,1866,37
549,285,BMM,1,3137,1257,1880,37
550,286,BMM,0,3020,1190,1830,37
551,286,BMM,1,3151,1266,1885,37
552,287,BMM,0,3076,1216,1860,37
553,287,BMM,1,3152,1266,1886,37
554,288,BMM,0,2959,1167,1792,37
555,288,BMM,1,3041,1229,1812,37
556,289,BMM,0,3023,1190,1833,37
557,289,BMM,1,3106,1257,1849,37
558,290,BMM,0,3016,1182,1834,37
559,290,BMM,1,3209,1294,1915,37
560,291,BMM,0,3079,1212,1867,37
561,291,BMM,1,3095,1243,1852,37
562,292,BMM,0,3073,1222,1851,37
563,292,BMM,1,3049,1219,1830,37
564,293,BMM,0,2983,1170,1813,37
565,293,BMM,1,3166,1286,1880,37
566,294,BMM,0,3013,1191,1822,37
567,294,BMM,1,3060,1234,1826,37
568,295,BMM,0,3090,1220,1870,37
569,295,BMM,1,3215,1297,1918,37
570,296,BMM,0,3028,1186,1842,37
571,296,BMM,1,3066,1241,1825,37
572,297,BMM,0,2878,1136,1742,37
573,297,BMM,1,3121,1259,1862,37
574,298,BMM,0,3032,1201,1831,37
575,298,BMM,1,3220,1300,1920,37
576,299,BMM,0,3141,1242,1899,37
577,299,BMM,1,3225,1298,1927,37
,epoch,method,label,total,TP,FP,seed
0,11,BMM,0,2211,815,1396,118
1,11,BMM,1,2345,871,1474,118
2,12,BMM,0,2281,869,1412,118
3,12,BMM,1,2465,923,1542,118
4,13,BMM,0,2406,906,1500,118
5,13,BMM,1,2505,967,1538,118
6,14,BMM,0,2423,921,1502,118
7,14,BMM,1,2592,1001,1591,118
8,15,BMM,0,2481,939,1542,118
9,15,BMM,1,2647,1024,1623,118
10,16,BMM,0,2502,944,1558,118
11,16,BMM,1,2636,1014,1622,118
12,17,BMM,0,2545,958,1587,118
13,17,BMM,1,2677,1045,1632,118
14,18,BMM,0,2579,975,1604,118
15,18,BMM,1,2705,1052,1653,118
16,19,BMM,0,2585,974,1611,118
17,19,BMM,1,2720,1054,1666,118
18,20,BMM,0,2619,987,1632,118
19,20,BMM,1,2747,1073,1674,118
20,21,BMM,0,2616,980,1636,118
21,21,BMM,1,2749,1074,1675,118
22,22,BMM,0,2643,1000,1643,118
23,22,BMM,1,2746,1078,1668,118
24,23,BMM,0,2623,986,1637,118
25,23,BMM,1,2755,1079,1676,118
26,24,BMM,0,2656,1002,1654,118
27,24,BMM,1,2795,1091,1704,118
28,25,BMM,0,2687,1008,1679,118
29,25,BMM,1,2808,1098,1710,118
30,26,BMM,0,2695,1012,1683,118
31,26,BMM,1,2799,1091,1708,118
32,27,BMM,0,2710,1017,1693,118
33,27,BMM,1,2829,1102,1727,118
34,28,BMM,0,2733,1022,1711,118
35,28,BMM,1,2826,1099,1727,118
36,29,BMM,0,2724,1026,1698,118
37,29,BMM,1,2845,1109,1736,118
38,30,BMM,0,2695,1018,1677,118
39,30,BMM,1,2847,1111,1736,118
40,31,BMM,0,2760,1042,1718,118
41,31,BMM,1,2861,1114,1747,118
42,32,BMM,0,2771,1049,1722,118
43,32,BMM,1,2877,1120,1757,118
44,33,BMM,0,2774,1050,1724,118
45,33,BMM,1,2873,1114,1759,118
46,34,BMM,0,2780,1055,1725,118
47,34,BMM,1,2894,1125,1769,118
48,35,BMM,0,2780,1052,1728,118
49,35,BMM,1,2908,1129,1779,118
50,36,BMM,0,2800,1061,1739,118
51,36,BMM,1,2891,1120,1771,118
52,37,BMM,0,2796,1053,1743,118
53,37,BMM,1,2901,1129,1772,118
54,38,BMM,0,2805,1063,1742,118
55,38,BMM,1,2927,1136,1791,118
56,39,BMM,0,2812,1070,1742,118
57,39,BMM,1,2916,1131,1785,118
58,40,BMM,0,2823,1070,1753,118
59,40,BMM,1,2929,1133,1796,118
60,41,BMM,0,2832,1082,1750,118
61,41,BMM,1,2932,1136,1796,118
62,42,BMM,0,2825,1072,1753,118
63,42,BMM,1,2935,1137,1798,118
64,43,BMM,0,2787,1057,1730,118
65,43,BMM,1,2943,1138,1805,118
66,44,BMM,0,2847,1084,1763,118
67,44,BMM,1,2889,1123,1766,118
68,45,BMM,0,2753,1060,1693,118
69,45,BMM,1,2954,1149,1805,118
70,46,BMM,0,2849,1084,1765,118
71,46,BMM,1,2890,1128,1762,118
72,47,BMM,0,2857,1090,1767,118
73,47,BMM,1,2956,1145,1811,118
74,48,BMM,0,2866,1096,1770,118
75,48,BMM,1,2959,1152,1807,118
76,49,BMM,0,2817,1071,1746,118
77,49,BMM,1,2965,1153,1812,118
78,50,BMM,0,2860,1091,1769,118
79,50,BMM,1,2969,1156,1813,118
80,51,BMM,0,2825,1086,1739,118
81,51,BMM,1,2925,1136,1789,118
82,52,BMM,0,2778,1061,1717,118
83,52,BMM,1,2921,1136,1785,118
84,53,BMM,0,2890,1103,1787,118
85,53,BMM,1,2982,1160,1822,118
86,54,BMM,0,2884,1101,1783,118
87,54,BMM,1,2972,1155,1817,118
88,55,BMM,0,2840,1078,1762,118
89,55,BMM,1,2975,1157,1818,118
90,56,BMM,0,2897,1105,1792,118
91,56,BMM,1,2979,1161,1818,118
92,57,BMM,0,2850,1091,1759,118
93,57,BMM,1,2928,1133,1795,118
94,58,BMM,0,2904,1106,1798,118
95,58,BMM,1,2990,1164,1826,118
96,59,BMM,0,2859,1097,1762,118
97,59,BMM,1,2986,1163,1823,118
98,60,BMM,0,2861,1093,1768,118
99,60,BMM,1,2995,1167,1828,118
100,61,BMM,0,2922,1119,1803,118
101,61,BMM,1,2999,1168,1831,118
102,62,BMM,0,2816,1078,1738,118
103,62,BMM,1,2951,1153,1798,118
104,63,BMM,0,2869,1100,1769,118
105,63,BMM,1,3008,1173,1835,118
106,64,BMM,0,2920,1116,1804,118
107,64,BMM,1,2837,1120,1717,118
108,65,BMM,0,2933,1124,1809,118
109,65,BMM,1,2954,1146,1808,118
110,66,BMM,0,2881,1102,1779,118
111,66,BMM,1,2896,1124,1772,118
112,67,BMM,0,2844,1094,1750,118
113,67,BMM,1,2907,1138,1769,118
114,68,BMM,0,2888,1103,1785,118
115,68,BMM,1,2915,1136,1779,118
116,69,BMM,0,2935,1125,1810,118
117,69,BMM,1,2955,1147,1808,118
118,70,BMM,0,2885,1114,1771,118
119,70,BMM,1,2965,1151,1814,118
120,71,BMM,0,2931,1120,1811,118
121,71,BMM,1,3022,1178,1844,118
122,72,BMM,0,2943,1128,1815,118
123,72,BMM,1,2958,1157,1801,118
124,73,BMM,0,2887,1108,1779,118
125,73,BMM,1,2972,1158,1814,118
126,74,BMM,0,2880,1096,1784,118
127,74,BMM,1,3023,1181,1842,118
128,75,BMM,0,2941,1127,1814,118
129,75,BMM,1,2964,1153,1811,118
130,76,BMM,0,2895,1108,1787,118
131,76,BMM,1,2850,1105,1745,118
132,77,BMM,0,2941,1130,1811,118
133,77,BMM,1,3025,1180,1845,118
134,78,BMM,0,2889,1109,1780,118
135,78,BMM,1,3025,1180,1845,118
136,79,BMM,0,2825,1086,1739,118
137,79,BMM,1,3029,1182,1847,118
138,80,BMM,0,2904,1116,1788,118
139,80,BMM,1,2970,1159,1811,118
140,81,BMM,0,2855,1082,1773,118
141,81,BMM,1,3028,1181,1847,118
142,82,BMM,0,2864,1095,1769,118
143,82,BMM,1,2927,1145,1782,118
144,83,BMM,0,2867,1098,1769,118
145,83,BMM,1,2929,1132,1797,118
146,84,BMM,0,2903,1103,1800,118
147,84,BMM,1,2931,1144,1787,118
148,85,BMM,0,2802,1076,1726,118
149,85,BMM,1,2986,1174,1812,118
150,86,BMM,0,2913,1117,1796,118
151,86,BMM,1,2982,1165,1817,118
152,87,BMM,0,2958,1131,1827,118
153,87,BMM,1,2975,1164,1811,118
154,88,BMM,0,2911,1116,1795,118
155,88,BMM,1,2972,1169,1803,118
156,89,BMM,0,2858,1095,1763,118
157,89,BMM,1,2989,1169,1820,118
158,90,BMM,0,2967,1134,1833,118
159,90,BMM,1,2984,1173,1811,118
160,91,BMM,0,2859,1089,1770,118
161,91,BMM,1,2767,1064,1703,118
162,92,BMM,0,2870,1095,1775,118
163,92,BMM,1,2823,1102,1721,118
164,93,BMM,0,2810,1055,1755,118
165,93,BMM,1,3043,1190,1853,118
166,94,BMM,0,2921,1111,1810,118
167,94,BMM,1,2990,1170,1820,118
168,95,BMM,0,2864,1095,1769,118
169,95,BMM,1,3000,1175,1825,118
170,96,BMM,0,2973,1140,1833,118
171,96,BMM,1,3049,1192,1857,118
172,97,BMM,0,2917,1120,1797,118
173,97,BMM,1,3044,1189,1855,118
174,98,BMM,0,2704,1035,1669,118
175,98,BMM,1,2890,1141,1749,118
176,99,BMM,0,2873,1096,1777,118
177,99,BMM,1,2948,1146,1802,118
178,100,BMM,0,2976,1138,1838,118
179,100,BMM,1,2794,1093,1701,118
180,101,BMM,0,2932,1119,1813,118
181,101,BMM,1,2940,1144,1796,118
182,102,BMM,0,2886,1113,1773,118
183,102,BMM,1,2951,1151,1800,118
184,103,BMM,0,2824,1078,1746,118
185,103,BMM,1,3012,1179,1833,118
186,104,BMM,0,2982,1143,1839,118
187,104,BMM,1,2956,1150,1806,118
188,105,BMM,0,2936,1127,1809,118
189,105,BMM,1,2750,1069,1681,118
190,106,BMM,0,2829,1088,1741,118
191,106,BMM,1,3014,1176,1838,118
192,107,BMM,0,2985,1142,1843,118
193,107,BMM,1,3051,1191,1860,118
194,108,BMM,0,2873,1095,1778,118
195,108,BMM,1,2944,1158,1786,118
196,109,BMM,0,2923,1110,1813,118
197,109,BMM,1,2838,1105,1733,118
198,110,BMM,0,2686,1026,1660,118
199,110,BMM,1,3058,1194,1864,118
200,111,BMM,0,2881,1098,1783,118
201,111,BMM,1,2905,1124,1781,118
202,112,BMM,0,2828,1084,1744,118
203,112,BMM,1,2850,1108,1742,118
204,113,BMM,0,2888,1104,1784,118
205,113,BMM,1,2957,1148,1809,118
206,114,BMM,0,2833,1081,1752,118
207,114,BMM,1,3012,1175,1837,118
208,115,BMM,0,2651,1008,1643,118
209,115,BMM,1,2948,1155,1793,118
210,116,BMM,0,2893,1109,1784,118
211,116,BMM,1,3020,1184,1836,118
212,117,BMM,0,2992,1145,1847,118
213,117,BMM,1,2949,1160,1789,118
214,118,BMM,0,2711,1041,1670,118
215,118,BMM,1,3061,1199,1862,118
216,119,BMM,0,2841,1091,1750,118
217,119,BMM,1,3062,1199,1863,118
218,120,BMM,0,2698,1038,1660,118
219,120,BMM,1,2966,1162,1804,118
220,121,BMM,0,2947,1119,1828,118
221,121,BMM,1,2958,1156,1802,118
222,122,BMM,0,2999,1148,1851,118
223,122,BMM,1,3017,1181,1836,118
224,123,BMM,0,2893,1117,1776,118
225,123,BMM,1,2967,1157,1810,118
226,124,BMM,0,2908,1109,1799,118
227,124,BMM,1,2957,1157,1800,118
228,125,BMM,0,2951,1127,1824,118
229,125,BMM,1,2973,1154,1819,118
230,126,BMM,0,2834,1078,1756,118
231,126,BMM,1,2955,1161,1794,118
232,127,BMM,0,2774,1051,1723,118
233,127,BMM,1,2920,1143,1777,118
234,128,BMM,0,2842,1086,1756,118
235,128,BMM,1,2966,1173,1793,118
236,129,BMM,0,2758,1062,1696,118
237,129,BMM,1,2963,1167,1796,118
238,130,BMM,0,2876,1097,1779,118
239,130,BMM,1,2828,1101,1727,118
240,131,BMM,0,2883,1108,1775,118
241,131,BMM,1,3021,1188,1833,118
242,132,BMM,0,2796,1076,1720,118
243,132,BMM,1,3076,1208,1868,118
244,133,BMM,0,2856,1096,1760,118
245,133,BMM,1,2860,1117,1743,118
246,134,BMM,0,2845,1087,1758,118
247,134,BMM,1,2838,1111,1727,118
248,135,BMM,0,2746,1054,1692,118
249,135,BMM,1,2918,1143,1775,118
250,136,BMM,0,2848,1096,1752,118
251,136,BMM,1,2764,1089,1675,118
252,137,BMM,0,2911,1110,1801,118
253,137,BMM,1,2902,1148,1754,118
254,138,BMM,0,2891,1105,1786,118
255,138,BMM,1,3071,1203,1868,118
256,139,BMM,0,2732,1057,1675,118
257,139,BMM,1,2900,1130,1770,118
258,140,BMM,0,2751,1054,1697,118
259,140,BMM,1,2981,1169,1812,118
260,141,BMM,0,2911,1100,1811,118
261,141,BMM,1,2758,1082,1676,118
262,142,BMM,0,2545,987,1558,118
263,142,BMM,1,2910,1137,1773,118
264,143,BMM,0,2751,1038,1713,118
265,143,BMM,1,2922,1136,1786,118
266,144,BMM,0,2656,1017,1639,118
267,144,BMM,1,2969,1170,1799,118
268,145,BMM,0,2814,1080,1734,118
269,145,BMM,1,2825,1116,1709,118
270,146,BMM,0,2859,1094,1765,118
271,146,BMM,1,2877,1117,1760,118
272,147,BMM,0,2855,1105,1750,118
273,147,BMM,1,2921,1156,1765,118
274,148,BMM,0,2809,1079,1730,118
275,148,BMM,1,2921,1142,1779,118
276,149,BMM,0,2905,1115,1790,118
277,149,BMM,1,2907,1134,1773,118
278,150,BMM,0,2862,1100,1762,118
279,150,BMM,1,2919,1148,1771,118
280,151,BMM,0,2957,1133,1824,118
281,151,BMM,1,3028,1190,1838,118
282,152,BMM,0,2894,1107,1787,118
283,152,BMM,1,2784,1091,1693,118
284,153,BMM,0,2963,1136,1827,118
285,153,BMM,1,2927,1146,1781,118
286,154,BMM,0,2812,1069,1743,118
287,154,BMM,1,2812,1093,1719,118
288,155,BMM,0,3012,1154,1858,118
289,155,BMM,1,2833,1110,1723,118
290,156,BMM,0,2953,1130,1823,118
291,156,BMM,1,2984,1174,1810,118
292,157,BMM,0,2906,1108,1798,118
293,157,BMM,1,2867,1134,1733,118
294,158,BMM,0,2916,1109,1807,118
295,158,BMM,1,2878,1126,1752,118
296,159,BMM,0,2851,1086,1765,118
297,159,BMM,1,2827,1115,1712,118
298,160,BMM,0,2890,1108,1782,118
299,160,BMM,1,3047,1192,1855,118
300,161,BMM,0,2747,1051,1696,118
301,161,BMM,1,3092,1215,1877,118
302,162,BMM,0,2827,1094,1733,118
303,162,BMM,1,2881,1132,1749,118
304,163,BMM,0,2856,1092,1764,118
305,163,BMM,1,2937,1162,1775,118
306,164,BMM,0,2964,1134,1830,118
307,164,BMM,1,2956,1154,1802,118
308,165,BMM,0,2911,1110,1801,118
309,165,BMM,1,2896,1142,1754,118
310,166,BMM,0,2877,1108,1769,118
311,166,BMM,1,2763,1092,1671,118
312,167,BMM,0,2780,1048,1732,118
313,167,BMM,1,2987,1174,1813,118
314,168,BMM,0,2752,1045,1707,118
315,168,BMM,1,2988,1175,1813,118
316,169,BMM,0,2763,1064,1699,118
317,169,BMM,1,2874,1134,1740,118
318,170,BMM,0,2816,1085,1731,118
319,170,BMM,1,2986,1167,1819,118
320,171,BMM,0,2676,1034,1642,118
321,171,BMM,1,2814,1083,1731,118
322,172,BMM,0,2797,1073,1724,118
323,172,BMM,1,2974,1162,1812,118
324,173,BMM,0,2809,1082,1727,118
325,173,BMM,1,2883,1126,1757,118
326,174,BMM,0,2794,1073,1721,118
327,174,BMM,1,2838,1120,1718,118
328,175,BMM,0,2918,1110,1808,118
329,175,BMM,1,2927,1154,1773,118
330,176,BMM,0,3022,1156,1866,118
331,176,BMM,1,2938,1154,1784,118
332,177,BMM,0,2832,1085,1747,118
333,177,BMM,1,2937,1148,1789,118
334,178,BMM,0,2655,1002,1653,118
335,178,BMM,1,2893,1131,1762,118
336,179,BMM,0,2969,1132,1837,118
337,179,BMM,1,2885,1127,1758,118
338,180,BMM,0,2921,1124,1797,118
339,180,BMM,1,2895,1144,1751,118
340,181,BMM,0,2974,1136,1838,118
341,181,BMM,1,3048,1196,1852,118
342,182,BMM,0,2918,1121,1797,118
343,182,BMM,1,2952,1161,1791,118
344,183,BMM,0,2923,1114,1809,118
345,183,BMM,1,2754,1091,1663,118
346,184,BMM,0,2934,1131,1803,118
347,184,BMM,1,2765,1091,1674,118
348,185,BMM,0,2619,1009,1610,118
349,185,BMM,1,2984,1168,1816,118
350,186,BMM,0,2862,1093,1769,118
351,186,BMM,1,2997,1182,1815,118
352,187,BMM,0,2871,1097,1774,118
353,187,BMM,1,2865,1128,1737,118
354,188,BMM,0,2866,1091,1775,118
355,188,BMM,1,2842,1105,1737,118
356,189,BMM,0,2715,1035,1680,118
357,189,BMM,1,2888,1136,1752,118
358,190,BMM,0,2829,1079,1750,118
359,190,BMM,1,2937,1149,1788,118
360,191,BMM,0,2866,1089,1777,118
361,191,BMM,1,2989,1184,1805,118
362,192,BMM,0,2669,1012,1657,118
363,192,BMM,1,3042,1196,1846,118
364,193,BMM,0,2501,954,1547,118
365,193,BMM,1,3100,1219,1881,118
366,194,BMM,0,2925,1114,1811,118
367,194,BMM,1,2899,1148,1751,118
368,195,BMM,0,2712,1024,1688,118
369,195,BMM,1,2990,1178,1812,118
370,196,BMM,0,3026,1158,1868,118
371,196,BMM,1,2891,1138,1753,118
372,197,BMM,0,2971,1129,1842,118
373,197,BMM,1,2899,1127,1772,118
374,198,BMM,0,2767,1065,1702,118
375,198,BMM,1,2925,1152,1773,118
376,199,BMM,0,2866,1091,1775,118
377,199,BMM,1,2915,1157,1758,118
378,200,BMM,0,2922,1117,1805,118
379,200,BMM,1,2999,1180,1819,118
380,201,BMM,0,2762,1057,1705,118
381,201,BMM,1,2878,1131,1747,118
382,202,BMM,0,2822,1072,1750,118
383,202,BMM,1,2827,1121,1706,118
384,203,BMM,0,2664,1019,1645,118
385,203,BMM,1,2857,1127,1730,118
386,204,BMM,0,2805,1083,1722,118
387,204,BMM,1,2933,1157,1776,118
388,205,BMM,0,2752,1060,1692,118
389,205,BMM,1,2990,1185,1805,118
390,206,BMM,0,2973,1144,1829,118
391,206,BMM,1,2853,1116,1737,118
392,207,BMM,0,2948,1134,1814,118
393,207,BMM,1,2798,1094,1704,118
394,208,BMM,0,2987,1147,1840,118
395,208,BMM,1,2933,1157,1776,118
396,209,BMM,0,2872,1097,1775,118
397,209,BMM,1,2878,1135,1743,118
398,210,BMM,0,2862,1098,1764,118
399,210,BMM,1,3062,1202,1860,118
400,211,BMM,0,2924,1120,1804,118
401,211,BMM,1,3057,1201,1856,118
402,212,BMM,0,2980,1143,1837,118
403,212,BMM,1,2951,1167,1784,118
404,213,BMM,0,2927,1122,1805,118
405,213,BMM,1,2944,1164,1780,118
406,214,BMM,0,2885,1120,1765,118
407,214,BMM,1,3061,1215,1846,118
408,215,BMM,0,2937,1137,1800,118
409,215,BMM,1,3065,1206,1859,118
410,216,BMM,0,3043,1167,1876,118
411,216,BMM,1,2951,1164,1787,118
412,217,BMM,0,2991,1148,1843,118
413,217,BMM,1,2848,1096,1752,118
414,218,BMM,0,2912,1121,1791,118
415,218,BMM,1,2898,1145,1753,118
416,219,BMM,0,3006,1153,1853,118
417,219,BMM,1,3061,1211,1850,118
418,220,BMM,0,2970,1139,1831,118
419,220,BMM,1,2956,1170,1786,118
420,221,BMM,0,3009,1152,1857,118
421,221,BMM,1,3061,1209,1852,118
422,222,BMM,0,3013,1156,1857,118
423,222,BMM,1,2949,1162,1787,118
424,223,BMM,0,3012,1153,1859,118
425,223,BMM,1,2914,1148,1766,118
426,224,BMM,0,2983,1148,1835,118
427,224,BMM,1,3085,1215,1870,118
428,225,BMM,0,3078,1182,1896,118
429,225,BMM,1,3031,1190,1841,118
430,226,BMM,0,3005,1154,1851,118
431,226,BMM,1,3019,1198,1821,118
432,227,BMM,0,3040,1165,1875,118
433,227,BMM,1,3145,1239,1906,118
434,228,BMM,0,3079,1180,1899,118
435,228,BMM,1,3094,1223,1871,118
436,229,BMM,0,2987,1159,1828,118
437,229,BMM,1,3100,1222,1878,118
438,230,BMM,0,2872,1113,1759,118
439,230,BMM,1,2980,1182,1798,118
440,231,BMM,0,3034,1170,1864,118
441,231,BMM,1,3149,1238,1911,118
442,232,BMM,0,2924,1127,1797,118
443,232,BMM,1,3096,1218,1878,118
444,233,BMM,0,2978,1148,1830,118
445,233,BMM,1,3043,1197,1846,118
446,234,BMM,0,2981,1142,1839,118
447,234,BMM,1,3158,1246,1912,118
448,235,BMM,0,3051,1177,1874,118
449,235,BMM,1,3046,1209,1837,118
450,236,BMM,0,2957,1142,1815,118
451,236,BMM,1,3157,1249,1908,118
452,237,BMM,0,3120,1197,1923,118
453,237,BMM,1,3112,1230,1882,118
454,238,BMM,0,3071,1172,1899,118
455,238,BMM,1,2928,1143,1785,118
456,239,BMM,0,3071,1183,1888,118
457,239,BMM,1,3005,1177,1828,118
458,240,BMM,0,2965,1141,1824,118
459,240,BMM,1,3125,1240,1885,118
460,241,BMM,0,3032,1158,1874,118
461,241,BMM,1,3174,1250,1924,118
462,242,BMM,0,2984,1152,1832,118
463,242,BMM,1,3176,1259,1917,118
464,243,BMM,0,2973,1144,1829,118
465,243,BMM,1,3121,1228,1893,118
466,244,BMM,0,3128,1203,1925,118
467,244,BMM,1,3195,1266,1929,118
468,245,BMM,0,3084,1190,1894,118
469,245,BMM,1,3136,1243,1893,118
470,246,BMM,0,3086,1190,1896,118
471,246,BMM,1,3015,1196,1819,118
472,247,BMM,0,3083,1186,1897,118
473,247,BMM,1,3022,1194,1828,118
474,248,BMM,0,3144,1213,1931,118
475,248,BMM,1,3145,1240,1905,118
476,249,BMM,0,3104,1193,1911,118
477,249,BMM,1,3067,1212,1855,118
478,250,BMM,0,3043,1174,1869,118
479,250,BMM,1,3080,1218,1862,118
480,251,BMM,0,2969,1153,1816,118
481,251,BMM,1,3128,1238,1890,118
482,252,BMM,0,3038,1172,1866,118
483,252,BMM,1,2992,1187,1805,118
484,253,BMM,0,2993,1156,1837,118
485,253,BMM,1,3012,1197,1815,118
486,254,BMM,0,2870,1109,1761,118
487,254,BMM,1,3142,1245,1897,118
488,255,BMM,0,3109,1199,1910,118
489,255,BMM,1,3152,1247,1905,118
490,256,BMM,0,3109,1206,1903,118
491,256,BMM,1,2998,1183,1815,118
492,257,BMM,0,3011,1151,1860,118
493,257,BMM,1,3200,1267,1933,118
494,258,BMM,0,3104,1204,1900,118
495,258,BMM,1,3081,1221,1860,118
496,259,BMM,0,3111,1201,1910,118
497,259,BMM,1,3148,1243,1905,118
498,260,BMM,0,3045,1170,1875,118
499,260,BMM,1,3052,1211,1841,118
500,261,BMM,0,3048,1173,1875,118
501,261,BMM,1,3046,1196,1850,118
502,262,BMM,0,3051,1186,1865,118
503,262,BMM,1,3215,1270,1945,118
504,263,BMM,0,3100,1199,1901,118
505,263,BMM,1,3154,1248,1906,118
506,264,BMM,0,3065,1184,1881,118
507,264,BMM,1,3052,1212,1840,118
508,265,BMM,0,3005,1157,1848,118
509,265,BMM,1,3103,1225,1878,118
510,266,BMM,0,3171,1226,1945,118
511,266,BMM,1,3169,1252,1917,118
512,267,BMM,0,3174,1228,1946,118
513,267,BMM,1,3109,1226,1883,118
514,268,BMM,0,3108,1189,1919,118
515,268,BMM,1,3226,1275,1951,118
516,269,BMM,0,3114,1204,1910,118
517,269,BMM,1,3163,1255,1908,118
518,270,BMM,0,3111,1201,1910,118
519,270,BMM,1,3164,1253,1911,118
520,271,BMM,0,3076,1189,1887,118
521,271,BMM,1,3225,1278,1947,118
522,272,BMM,0,3170,1225,1945,118
523,272,BMM,1,3170,1251,1919,118
524,273,BMM,0,3182,1230,1952,118
525,273,BMM,1,3168,1251,1917,118
526,274,BMM,0,3136,1205,1931,118
527,274,BMM,1,3223,1276,1947,118
528,275,BMM,0,3124,1207,1917,118
529,275,BMM,1,3122,1235,1887,118
530,276,BMM,0,3078,1192,1886,118
531,276,BMM,1,3015,1192,1823,118
532,277,BMM,0,3127,1206,1921,118
533,277,BMM,1,3120,1232,1888,118
534,278,BMM,0,3131,1209,1922,118
535,278,BMM,1,3234,1282,1952,118
536,279,BMM,0,3140,1217,1923,118
537,279,BMM,1,3120,1230,1890,118
538,280,BMM,0,3141,1205,1936,118
539,280,BMM,1,3050,1204,1846,118
540,281,BMM,0,3077,1185,1892,118
541,281,BMM,1,3129,1237,1892,118
542,282,BMM,0,3031,1177,1854,118
543,282,BMM,1,3130,1235,1895,118
544,283,BMM,0,2894,1124,1770,118
545,283,BMM,1,3118,1242,1876,118
546,284,BMM,0,2922,1132,1790,118
547,284,BMM,1,3243,1284,1959,118
548,285,BMM,0,3046,1178,1868,118
549,285,BMM,1,3233,1277,1956,118
550,286,BMM,0,3148,1216,1932,118
551,286,BMM,1,3135,1244,1891,118
552,287,BMM,0,3151,1212,1939,118
553,287,BMM,1,3121,1235,1886,118
554,288,BMM,0,3206,1235,1971,118
555,288,BMM,1,3185,1259,1926,118
556,289,BMM,0,3201,1232,1969,118
557,289,BMM,1,3082,1228,1854,118
558,290,BMM,0,3031,1175,1856,118
559,290,BMM,1,3086,1229,1857,118
560,291,BMM,0,3053,1182,1871,118
561,291,BMM,1,3150,1250,1900,118
562,292,BMM,0,3097,1189,1908,118
563,292,BMM,1,3132,1247,1885,118
564,293,BMM,0,3150,1210,1940,118
565,293,BMM,1,3186,1262,1924,118
566,294,BMM,0,2980,1143,1837,118
567,294,BMM,1,3190,1267,1923,118
568,295,BMM,0,3045,1174,1871,118
569,295,BMM,1,3180,1264,1916,118
570,296,BMM,0,3167,1221,1946,118
571,296,BMM,1,3251,1286,1965,118
572,297,BMM,0,2933,1146,1787,118
573,297,BMM,1,3252,1286,1966,118
574,298,BMM,0,3103,1198,1905,118
575,298,BMM,1,3247,1287,1960,118
576,299,BMM,0,3160,1218,1942,118
577,299,BMM,1,3182,1261,1921,118
,epoch,method,label,total,TP,FP,seed
0,11,BMM,0,2261,859,1402,337
1,11,BMM,1,2283,824,1459,337
2,12,BMM,0,2341,894,1447,337
3,12,BMM,1,2249,838,1411,337
4,13,BMM,0,2439,933,1506,337
5,13,BMM,1,2373,896,1477,337
6,14,BMM,0,2441,927,1514,337
7,14,BMM,1,2429,927,1502,337
8,15,BMM,0,2498,954,1544,337
9,15,BMM,1,2493,948,1545,337
10,16,BMM,0,2585,1001,1584,337
11,16,BMM,1,2495,937,1558,337
12,17,BMM,0,2585,996,1589,337
13,17,BMM,1,2542,964,1578,337
14,18,BMM,0,2610,1005,1605,337
15,18,BMM,1,2582,982,1600,337
16,19,BMM,0,2616,1018,1598,337
17,19,BMM,1,2620,995,1625,337
18,20,BMM,0,2619,1020,1599,337
19,20,BMM,1,2645,1018,1627,337
20,21,BMM,0,2660,1028,1632,337
21,21,BMM,1,2647,1014,1633,337
22,22,BMM,0,2668,1039,1629,337
23,22,BMM,1,2655,1011,1644,337
24,23,BMM,0,2682,1044,1638,337
25,23,BMM,1,2689,1037,1652,337
26,24,BMM,0,2706,1054,1652,337
27,24,BMM,1,2728,1044,1684,337
28,25,BMM,0,2718,1051,1667,337
29,25,BMM,1,2734,1053,1681,337
30,26,BMM,0,2729,1059,1670,337
31,26,BMM,1,2749,1059,1690,337
32,27,BMM,0,2754,1071,1683,337
33,27,BMM,1,2768,1064,1704,337
34,28,BMM,0,2762,1070,1692,337
35,28,BMM,1,2766,1061,1705,337
36,29,BMM,0,2771,1065,1706,337
37,29,BMM,1,2789,1066,1723,337
38,30,BMM,0,2782,1079,1703,337
39,30,BMM,1,2811,1083,1728,337
40,31,BMM,0,2779,1075,1704,337
41,31,BMM,1,2816,1080,1736,337
42,32,BMM,0,2785,1079,1706,337
43,32,BMM,1,2828,1084,1744,337
44,33,BMM,0,2801,1087,1714,337
45,33,BMM,1,2828,1088,1740,337
46,34,BMM,0,2818,1088,1730,337
47,34,BMM,1,2842,1096,1746,337
48,35,BMM,0,2815,1089,1726,337
49,35,BMM,1,2855,1096,1759,337
50,36,BMM,0,2814,1095,1719,337
51,36,BMM,1,2848,1093,1755,337
52,37,BMM,0,2836,1096,1740,337
53,37,BMM,1,2865,1101,1764,337
54,38,BMM,0,2835,1095,1740,337
55,38,BMM,1,2862,1098,1764,337
56,39,BMM,0,2850,1104,1746,337
57,39,BMM,1,2869,1099,1770,337
58,40,BMM,0,2744,1066,1678,337
59,40,BMM,1,2888,1108,1780,337
60,41,BMM,0,2862,1107,1755,337
61,41,BMM,1,2895,1114,1781,337
62,42,BMM,0,2874,1110,1764,337
63,42,BMM,1,2889,1109,1780,337
64,43,BMM,0,2874,1115,1759,337
65,43,BMM,1,2912,1117,1795,337
66,44,BMM,0,2882,1117,1765,337
67,44,BMM,1,2870,1101,1769,337
68,45,BMM,0,2885,1114,1771,337
69,45,BMM,1,2921,1125,1796,337
70,46,BMM,0,2842,1098,1744,337
71,46,BMM,1,2914,1119,1795,337
72,47,BMM,0,2890,1121,1769,337
73,47,BMM,1,2912,1124,1788,337
74,48,BMM,0,2883,1118,1765,337
75,48,BMM,1,2929,1127,1802,337
76,49,BMM,0,2903,1128,1775,337
77,49,BMM,1,2933,1130,1803,337
78,50,BMM,0,2856,1107,1749,337
79,50,BMM,1,2937,1131,1806,337
80,51,BMM,0,2858,1102,1756,337
81,51,BMM,1,2948,1135,1813,337
82,52,BMM,0,2858,1111,1747,337
83,52,BMM,1,2937,1136,1801,337
84,53,BMM,0,2925,1135,1790,337
85,53,BMM,1,2940,1130,1810,337
86,54,BMM,0,2874,1125,1749,337
87,54,BMM,1,2946,1135,1811,337
88,55,BMM,0,2925,1132,1793,337
89,55,BMM,1,2951,1137,1814,337
90,56,BMM,0,2924,1133,1791,337
91,56,BMM,1,2911,1124,1787,337
92,57,BMM,0,2927,1136,1791,337
93,57,BMM,1,2850,1094,1756,337
94,58,BMM,0,2875,1116,1759,337
95,58,BMM,1,2918,1123,1795,337
96,59,BMM,0,2939,1139,1800,337
97,59,BMM,1,2972,1144,1828,337
98,60,BMM,0,2885,1121,1764,337
99,60,BMM,1,2975,1148,1827,337
100,61,BMM,0,2898,1120,1778,337
101,61,BMM,1,2860,1104,1756,337
102,62,BMM,0,2955,1147,1808,337
103,62,BMM,1,2982,1150,1832,337
104,63,BMM,0,2949,1144,1805,337
105,63,BMM,1,2924,1136,1788,337
106,64,BMM,0,2955,1143,1812,337
107,64,BMM,1,2936,1132,1804,337
108,65,BMM,0,2854,1104,1750,337
109,65,BMM,1,2981,1149,1832,337
110,66,BMM,0,2850,1108,1742,337
111,66,BMM,1,2778,1074,1704,337
112,67,BMM,0,2902,1123,1779,337
113,67,BMM,1,2998,1157,1841,337
114,68,BMM,0,2851,1101,1750,337
115,68,BMM,1,2993,1157,1836,337
116,69,BMM,0,2900,1125,1775,337
117,69,BMM,1,2998,1155,1843,337
118,70,BMM,0,2969,1155,1814,337
119,70,BMM,1,2941,1141,1800,337
120,71,BMM,0,2972,1156,1816,337
121,71,BMM,1,2936,1134,1802,337
122,72,BMM,0,2968,1153,1815,337
123,72,BMM,1,2879,1116,1763,337
124,73,BMM,0,2972,1153,1819,337
125,73,BMM,1,2995,1156,1839,337
126,74,BMM,0,2983,1160,1823,337
127,74,BMM,1,2858,1115,1743,337
128,75,BMM,0,2820,1105,1715,337
129,75,BMM,1,3010,1163,1847,337
130,76,BMM,0,2824,1099,1725,337
131,76,BMM,1,2889,1120,1769,337
132,77,BMM,0,2926,1136,1790,337
133,77,BMM,1,2945,1141,1804,337
134,78,BMM,0,2918,1131,1787,337
135,78,BMM,1,3006,1162,1844,337
136,79,BMM,0,2928,1135,1793,337
137,79,BMM,1,2945,1135,1810,337
138,80,BMM,0,2872,1103,1769,337
139,80,BMM,1,2905,1110,1795,337
140,81,BMM,0,2934,1135,1799,337
141,81,BMM,1,2864,1112,1752,337
142,82,BMM,0,2875,1114,1761,337
143,82,BMM,1,2958,1141,1817,337
144,83,BMM,0,2813,1092,1721,337
145,83,BMM,1,2803,1085,1718,337
146,84,BMM,0,2891,1130,1761,337
147,84,BMM,1,2962,1154,1808,337
148,85,BMM,0,2892,1119,1773,337
149,85,BMM,1,2965,1153,1812,337
150,86,BMM,0,2943,1152,1791,337
151,86,BMM,1,2966,1143,1823,337
152,87,BMM,0,2944,1144,1800,337
153,87,BMM,1,2808,1091,1717,337
154,88,BMM,0,2837,1102,1735,337
155,88,BMM,1,2915,1135,1780,337
156,89,BMM,0,2934,1140,1794,337
157,89,BMM,1,2921,1138,1783,337
158,90,BMM,0,2947,1143,1804,337
159,90,BMM,1,3019,1170,1849,337
160,91,BMM,0,2893,1124,1769,337
161,91,BMM,1,2914,1139,1775,337
162,92,BMM,0,2944,1142,1802,337
163,92,BMM,1,2864,1113,1751,337
164,93,BMM,0,3001,1167,1834,337
165,93,BMM,1,2871,1116,1755,337
166,94,BMM,0,2791,1073,1718,337
167,94,BMM,1,2742,1063,1679,337
168,95,BMM,0,2856,1099,1757,337
169,95,BMM,1,2912,1137,1775,337
170,96,BMM,0,2959,1153,1806,337
171,96,BMM,1,2924,1126,1798,337
172,97,BMM,0,2885,1128,1757,337
173,97,BMM,1,2880,1114,1766,337
174,98,BMM,0,2854,1113,1741,337
175,98,BMM,1,2973,1150,1823,337
176,99,BMM,0,2889,1125,1764,337
177,99,BMM,1,2974,1153,1821,337
178,100,BMM,0,3010,1169,1841,337
179,100,BMM,1,2969,1147,1822,337
180,101,BMM,0,2907,1124,1783,337
181,101,BMM,1,2981,1157,1824,337
182,102,BMM,0,2951,1142,1809,337
183,102,BMM,1,2985,1155,1830,337
184,103,BMM,0,3013,1170,1843,337
185,103,BMM,1,2875,1103,1772,337
186,104,BMM,0,3005,1168,1837,337
187,104,BMM,1,2949,1139,1810,337
188,105,BMM,0,3008,1165,1843,337
189,105,BMM,1,2971,1144,1827,337
190,106,BMM,0,3007,1168,1839,337
191,106,BMM,1,2982,1154,1828,337
192,107,BMM,0,2799,1090,1709,337
193,107,BMM,1,2981,1157,1824,337
194,108,BMM,0,2897,1121,1776,337
195,108,BMM,1,2933,1139,1794,337
196,109,BMM,0,3014,1171,1843,337
197,109,BMM,1,2879,1107,1772,337
198,110,BMM,0,2926,1140,1786,337
199,110,BMM,1,2783,1078,1705,337
200,111,BMM,0,2909,1125,1784,337
201,111,BMM,1,2933,1150,1783,337
202,112,BMM,0,2863,1104,1759,337
203,112,BMM,1,2882,1133,1749,337
204,113,BMM,0,2928,1132,1796,337
205,113,BMM,1,2987,1156,1831,337
206,114,BMM,0,2973,1159,1814,337
207,114,BMM,1,2890,1124,1766,337
208,115,BMM,0,2796,1095,1701,337
209,115,BMM,1,2826,1092,1734,337
210,116,BMM,0,2863,1111,1752,337
211,116,BMM,1,2831,1090,1741,337
212,117,BMM,0,2968,1157,1811,337
213,117,BMM,1,2942,1141,1801,337
214,118,BMM,0,2922,1138,1784,337
215,118,BMM,1,2939,1143,1796,337
216,119,BMM,0,2720,1061,1659,337
217,119,BMM,1,2880,1114,1766,337
218,120,BMM,0,2980,1157,1823,337
219,120,BMM,1,2989,1157,1832,337
220,121,BMM,0,3024,1176,1848,337
221,121,BMM,1,2993,1161,1832,337
222,122,BMM,0,2869,1120,1749,337
223,122,BMM,1,2940,1145,1795,337
224,123,BMM,0,2770,1087,1683,337
225,123,BMM,1,2951,1145,1806,337
226,124,BMM,0,2900,1128,1772,337
227,124,BMM,1,2941,1131,1810,337
228,125,BMM,0,2882,1124,1758,337
229,125,BMM,1,2954,1151,1803,337
230,126,BMM,0,2928,1143,1785,337
231,126,BMM,1,2877,1121,1756,337
232,127,BMM,0,3034,1181,1853,337
233,127,BMM,1,2849,1100,1749,337
234,128,BMM,0,2870,1118,1752,337
235,128,BMM,1,2997,1165,1832,337
236,129,BMM,0,2925,1136,1789,337
237,129,BMM,1,2736,1062,1674,337
238,130,BMM,0,2870,1112,1758,337
239,130,BMM,1,2897,1120,1777,337
240,131,BMM,0,2816,1092,1724,337
241,131,BMM,1,2836,1096,1740,337
242,132,BMM,0,2937,1139,1798,337
243,132,BMM,1,2936,1143,1793,337
244,133,BMM,0,2822,1093,1729,337
245,133,BMM,1,2954,1139,1815,337
246,134,BMM,0,2885,1120,1765,337
247,134,BMM,1,2953,1142,1811,337
248,135,BMM,0,2949,1150,1799,337
249,135,BMM,1,2947,1147,1800,337
250,136,BMM,0,2939,1144,1795,337
251,136,BMM,1,2956,1150,1806,337
252,137,BMM,0,2814,1083,1731,337
253,137,BMM,1,2953,1146,1807,337
254,138,BMM,0,2765,1075,1690,337
255,138,BMM,1,2952,1142,1810,337
256,139,BMM,0,2866,1117,1749,337
257,139,BMM,1,2741,1067,1674,337
258,140,BMM,0,2774,1073,1701,337
259,140,BMM,1,2800,1085,1715,337
260,141,BMM,0,2935,1141,1794,337
261,141,BMM,1,2924,1138,1786,337
262,142,BMM,0,2987,1155,1832,337
263,142,BMM,1,2954,1146,1808,337
264,143,BMM,0,2990,1166,1824,337
265,143,BMM,1,2956,1152,1804,337
266,144,BMM,0,2894,1126,1768,337
267,144,BMM,1,2964,1157,1807,337
268,145,BMM,0,2934,1140,1794,337
269,145,BMM,1,2897,1117,1780,337
270,146,BMM,0,2882,1119,1763,337
271,146,BMM,1,2900,1129,1771,337
272,147,BMM,0,2817,1096,1721,337
273,147,BMM,1,2860,1121,1739,337
274,148,BMM,0,2944,1143,1801,337
275,148,BMM,1,2959,1150,1809,337
276,149,BMM,0,2835,1101,1734,337
277,149,BMM,1,2961,1144,1817,337
278,150,BMM,0,2994,1166,1828,337
279,150,BMM,1,2897,1110,1787,337
280,151,BMM,0,2888,1122,1766,337
281,151,BMM,1,2838,1095,1743,337
282,152,BMM,0,2888,1133,1755,337
283,152,BMM,1,2910,1127,1783,337
284,153,BMM,0,2983,1163,1820,337
285,153,BMM,1,2964,1153,1811,337
286,154,BMM,0,2886,1116,1770,337
287,154,BMM,1,2908,1140,1768,337
288,155,BMM,0,2778,1069,1709,337
289,155,BMM,1,3024,1178,1846,337
290,156,BMM,0,2846,1116,1730,337
291,156,BMM,1,2725,1067,1658,337
292,157,BMM,0,2791,1085,1706,337
293,157,BMM,1,2959,1149,1810,337
294,158,BMM,0,2886,1116,1770,337
295,158,BMM,1,2968,1151,1817,337
296,159,BMM,0,2994,1164,1830,337
297,159,BMM,1,2906,1141,1765,337
298,160,BMM,0,2888,1118,1770,337
299,160,BMM,1,2965,1161,1804,337
300,161,BMM,0,2913,1135,1778,337
301,161,BMM,1,2892,1128,1764,337
302,162,BMM,0,2722,1053,1669,337
303,162,BMM,1,2818,1097,1721,337
304,163,BMM,0,2838,1093,1745,337
305,163,BMM,1,2805,1099,1706,337
306,164,BMM,0,2804,1088,1716,337
307,164,BMM,1,3020,1178,1842,337
308,165,BMM,0,2868,1111,1757,337
309,165,BMM,1,2827,1108,1719,337
310,166,BMM,0,2939,1141,1798,337
311,166,BMM,1,2697,1045,1652,337
312,167,BMM,0,2690,1039,1651,337
313,167,BMM,1,2858,1106,1752,337
314,168,BMM,0,2996,1160,1836,337
315,168,BMM,1,2816,1101,1715,337
316,169,BMM,0,2837,1095,1742,337
317,169,BMM,1,2725,1057,1668,337
318,170,BMM,0,2723,1061,1662,337
319,170,BMM,1,2974,1155,1819,337
320,171,BMM,0,3048,1184,1864,337
321,171,BMM,1,2812,1093,1719,337
322,172,BMM,0,2797,1087,1710,337
323,172,BMM,1,2914,1134,1780,337
324,173,BMM,0,3000,1167,1833,337
325,173,BMM,1,2907,1131,1776,337
326,174,BMM,0,2738,1053,1685,337
327,174,BMM,1,2961,1156,1805,337
328,175,BMM,0,2798,1089,1709,337
329,175,BMM,1,2964,1153,1811,337
330,176,BMM,0,2884,1125,1759,337
331,176,BMM,1,3071,1195,1876,337
332,177,BMM,0,2943,1143,1800,337
333,177,BMM,1,2861,1104,1757,337
334,178,BMM,0,2830,1103,1727,337
335,178,BMM,1,2862,1120,1742,337
336,179,BMM,0,2845,1103,1742,337
337,179,BMM,1,2906,1139,1767,337
338,180,BMM,0,2939,1143,1796,337
339,180,BMM,1,3070,1195,1875,337
340,181,BMM,0,3000,1170,1830,337
341,181,BMM,1,3019,1175,1844,337
342,182,BMM,0,3053,1189,1864,337
343,182,BMM,1,3023,1176,1847,337
344,183,BMM,0,2897,1123,1774,337
345,183,BMM,1,2760,1072,1688,337
346,184,BMM,0,2885,1123,1762,337
347,184,BMM,1,3013,1180,1833,337
348,185,BMM,0,2797,1092,1705,337
349,185,BMM,1,2701,1048,1653,337
350,186,BMM,0,2843,1109,1734,337
351,186,BMM,1,2810,1092,1718,337
352,187,BMM,0,2957,1151,1806,337
353,187,BMM,1,2901,1126,1775,337
354,188,BMM,0,2836,1109,1727,337
355,188,BMM,1,2685,1042,1643,337
356,189,BMM,0,2898,1130,1768,337
357,189,BMM,1,2867,1119,1748,337
358,190,BMM,0,2960,1155,1805,337
359,190,BMM,1,2795,1099,1696,337
360,191,BMM,0,2845,1101,1744,337
361,191,BMM,1,2754,1066,1688,337
362,192,BMM,0,2788,1093,1695,337
363,192,BMM,1,2853,1103,1750,337
364,193,BMM,0,2942,1132,1810,337
365,193,BMM,1,2711,1060,1651,337
366,194,BMM,0,2898,1136,1762,337
367,194,BMM,1,2984,1164,1820,337
368,195,BMM,0,2681,1041,1640,337
369,195,BMM,1,2971,1152,1819,337
370,196,BMM,0,2793,1081,1712,337
371,196,BMM,1,2768,1069,1699,337
372,197,BMM,0,2788,1099,1689,337
373,197,BMM,1,3022,1177,1845,337
374,198,BMM,0,2892,1115,1777,337
375,198,BMM,1,2953,1150,1803,337
376,199,BMM,0,2796,1096,1700,337
377,199,BMM,1,2915,1138,1777,337
378,200,BMM,0,2957,1157,1800,337
379,200,BMM,1,2962,1154,1808,337
380,201,BMM,0,2858,1116,1742,337
381,201,BMM,1,2906,1124,1782,337
382,202,BMM,0,2956,1142,1814,337
383,202,BMM,1,2965,1153,1812,337
384,203,BMM,0,2702,1069,1633,337
385,203,BMM,1,2923,1130,1793,337
386,204,BMM,0,2857,1103,1754,337
387,204,BMM,1,2745,1057,1688,337
388,205,BMM,0,2743,1069,1674,337
389,205,BMM,1,2916,1133,1783,337
390,206,BMM,0,2964,1147,1817,337
391,206,BMM,1,3021,1177,1844,337
392,207,BMM,0,2625,1017,1608,337
393,207,BMM,1,2904,1135,1769,337
394,208,BMM,0,2896,1131,1765,337
395,208,BMM,1,3020,1176,1844,337
396,209,BMM,0,2684,1027,1657,337
397,209,BMM,1,3014,1179,1835,337
398,210,BMM,0,2916,1134,1782,337
399,210,BMM,1,2935,1138,1797,337
400,211,BMM,0,2847,1102,1745,337
401,211,BMM,1,3019,1177,1842,337
402,212,BMM,0,2961,1151,1810,337
403,212,BMM,1,3025,1175,1850,337
404,213,BMM,0,2963,1153,1810,337
405,213,BMM,1,3029,1182,1847,337
406,214,BMM,0,2950,1149,1801,337
407,214,BMM,1,2979,1159,1820,337
408,215,BMM,0,3077,1197,1880,337
409,215,BMM,1,2975,1153,1822,337
410,216,BMM,0,2985,1157,1828,337
411,216,BMM,1,2913,1118,1795,337
412,217,BMM,0,2972,1154,1818,337
413,217,BMM,1,2985,1159,1826,337
414,218,BMM,0,2972,1150,1822,337
415,218,BMM,1,2941,1145,1796,337
416,219,BMM,0,2972,1153,1819,337
417,219,BMM,1,3044,1190,1854,337
418,220,BMM,0,2881,1122,1759,337
419,220,BMM,1,2780,1076,1704,337
420,221,BMM,0,2909,1143,1766,337
421,221,BMM,1,2997,1157,1840,337
422,222,BMM,0,3092,1205,1887,337
423,222,BMM,1,3048,1190,1858,337
424,223,BMM,0,2961,1152,1809,337
425,223,BMM,1,3062,1192,1870,337
426,224,BMM,0,2939,1141,1798,337
427,224,BMM,1,3016,1173,1843,337
428,225,BMM,0,3004,1172,1832,337
429,225,BMM,1,2848,1097,1751,337
430,226,BMM,0,3005,1159,1846,337
431,226,BMM,1,3021,1168,1853,337
432,227,BMM,0,3051,1190,1861,337
433,227,BMM,1,2929,1144,1785,337
434,228,BMM,0,3052,1190,1862,337
435,228,BMM,1,2793,1096,1697,337
436,229,BMM,0,2947,1153,1794,337
437,229,BMM,1,2895,1129,1766,337
438,230,BMM,0,3115,1213,1902,337
439,230,BMM,1,2864,1114,1750,337
440,231,BMM,0,3020,1180,1840,337
441,231,BMM,1,3075,1196,1879,337
442,232,BMM,0,3033,1181,1852,337
443,232,BMM,1,3037,1183,1854,337
444,233,BMM,0,3079,1201,1878,337
445,233,BMM,1,3090,1214,1876,337
446,234,BMM,0,3008,1163,1845,337
447,234,BMM,1,2984,1166,1818,337
448,235,BMM,0,3025,1182,1843,337
449,235,BMM,1,2910,1129,1781,337
450,236,BMM,0,2910,1121,1789,337
451,236,BMM,1,2972,1169,1803,337
452,237,BMM,0,3076,1197,1879,337
453,237,BMM,1,3092,1200,1892,337
454,238,BMM,0,2943,1151,1792,337
455,238,BMM,1,2982,1157,1825,337
456,239,BMM,0,3136,1225,1911,337
457,239,BMM,1,2999,1175,1824,337
458,240,BMM,0,2909,1137,1772,337
459,240,BMM,1,3052,1194,1858,337
460,241,BMM,0,3099,1211,1888,337
461,241,BMM,1,3018,1185,1833,337
462,242,BMM,0,3148,1230,1918,337
463,242,BMM,1,3055,1197,1858,337
464,243,BMM,0,2883,1126,1757,337
465,243,BMM,1,3103,1218,1885,337
466,244,BMM,0,2935,1143,1792,337
467,244,BMM,1,3117,1216,1901,337
468,245,BMM,0,3154,1229,1925,337
469,245,BMM,1,3016,1183,1833,337
470,246,BMM,0,2949,1149,1800,337
471,246,BMM,1,3170,1237,1933,337
472,247,BMM,0,3163,1232,1931,337
473,247,BMM,1,3006,1185,1821,337
474,248,BMM,0,3061,1182,1879,337
475,248,BMM,1,3116,1219,1897,337
476,249,BMM,0,3105,1213,1892,337
477,249,BMM,1,3132,1222,1910,337
478,250,BMM,0,3109,1213,1896,337
479,250,BMM,1,3176,1245,1931,337
480,251,BMM,0,3104,1210,1894,337
481,251,BMM,1,3120,1219,1901,337
482,252,BMM,0,3047,1194,1853,337
483,252,BMM,1,3066,1201,1865,337
484,253,BMM,0,3175,1238,1937,337
485,253,BMM,1,3130,1229,1901,337
486,254,BMM,0,3067,1190,1877,337
487,254,BMM,1,3075,1219,1856,337
488,255,BMM,0,3052,1197,1855,337
489,255,BMM,1,3095,1215,1880,337
490,256,BMM,0,3016,1166,1850,337
491,256,BMM,1,2916,1137,1779,337
492,257,BMM,0,3066,1198,1868,337
493,257,BMM,1,3010,1183,1827,337
494,258,BMM,0,3004,1176,1828,337
495,258,BMM,1,2896,1134,1762,337
496,259,BMM,0,3123,1214,1909,337
497,259,BMM,1,3091,1218,1873,337
498,260,BMM,0,3072,1195,1877,337
499,260,BMM,1,3015,1181,1834,337
500,261,BMM,0,3041,1189,1852,337
501,261,BMM,1,3013,1181,1832,337
502,262,BMM,0,3011,1177,1834,337
503,262,BMM,1,3045,1193,1852,337
504,263,BMM,0,3184,1241,1943,337
505,263,BMM,1,3038,1197,1841,337
506,264,BMM,0,3186,1240,1946,337
507,264,BMM,1,3137,1231,1906,337
508,265,BMM,0,3026,1172,1854,337
509,265,BMM,1,3097,1211,1886,337
510,266,BMM,0,3075,1199,1876,337
511,266,BMM,1,3092,1214,1878,337
512,267,BMM,0,3075,1206,1869,337
513,267,BMM,1,3036,1182,1854,337
514,268,BMM,0,3076,1211,1865,337
515,268,BMM,1,3152,1239,1913,337
516,269,BMM,0,3132,1225,1907,337
517,269,BMM,1,3095,1215,1880,337
518,270,BMM,0,3129,1209,1920,337
519,270,BMM,1,3105,1213,1892,337
520,271,BMM,0,3040,1188,1852,337
521,271,BMM,1,3152,1233,1919,337
522,272,BMM,0,3139,1223,1916,337
523,272,BMM,1,3043,1182,1861,337
524,273,BMM,0,2936,1150,1786,337
525,273,BMM,1,3212,1262,1950,337
526,274,BMM,0,3076,1193,1883,337
527,274,BMM,1,3110,1226,1884,337
528,275,BMM,0,3140,1216,1924,337
529,275,BMM,1,3157,1242,1915,337
530,276,BMM,0,3154,1238,1916,337
531,276,BMM,1,2987,1182,1805,337
532,277,BMM,0,3041,1189,1852,337
533,277,BMM,1,3102,1221,1881,337
534,278,BMM,0,2905,1144,1761,337
535,278,BMM,1,3043,1195,1848,337
536,279,BMM,0,3091,1205,1886,337
537,279,BMM,1,3050,1194,1856,337
538,280,BMM,0,3045,1187,1858,337
539,280,BMM,1,3219,1264,1955,337
540,281,BMM,0,3046,1195,1851,337
541,281,BMM,1,3216,1264,1952,337
542,282,BMM,0,3051,1183,1868,337
543,282,BMM,1,3116,1228,1888,337
544,283,BMM,0,3052,1196,1856,337
545,283,BMM,1,3063,1206,1857,337
546,284,BMM,0,3049,1197,1852,337
547,284,BMM,1,3178,1249,1929,337
548,285,BMM,0,3155,1230,1925,337
549,285,BMM,1,3058,1203,1855,337
550,286,BMM,0,3097,1200,1897,337
551,286,BMM,1,3222,1266,1956,337
552,287,BMM,0,3163,1231,1932,337
553,287,BMM,1,3063,1209,1854,337
554,288,BMM,0,3161,1231,1930,337
555,288,BMM,1,3159,1241,1918,337
556,289,BMM,0,3158,1235,1923,337
557,289,BMM,1,3224,1267,1957,337
558,290,BMM,0,3158,1232,1926,337
559,290,BMM,1,3039,1194,1845,337
560,291,BMM,0,3065,1197,1868,337
561,291,BMM,1,3060,1216,1844,337
562,292,BMM,0,3102,1215,1887,337
563,292,BMM,1,3137,1233,1904,337
564,293,BMM,0,3160,1224,1936,337
565,293,BMM,1,3169,1250,1919,337
566,294,BMM,0,3096,1206,1890,337
567,294,BMM,1,3174,1250,1924,337
568,295,BMM,0,3052,1185,1867,337
569,295,BMM,1,3078,1215,1863,337
570,296,BMM,0,3113,1218,1895,337
571,296,BMM,1,3120,1230,1890,337
572,297,BMM,0,3118,1215,1903,337
573,297,BMM,1,3228,1270,1958,337
574,298,BMM,0,3224,1259,1965,337
575,298,BMM,1,3076,1217,1859,337
576,299,BMM,0,2943,1135,1808,337
577,299,BMM,1,3074,1211,1863,337
,epoch,method,label,total,TP,FP,seed
0,11,BMM,0,2247,846,1401,815
1,11,BMM,1,2342,894,1448,815
2,12,BMM,0,2297,869,1428,815
3,12,BMM,1,2428,926,1502,815
4,13,BMM,0,2394,891,1503,815
5,13,BMM,1,2455,940,1515,815
6,14,BMM,0,2432,900,1532,815
7,14,BMM,1,2520,964,1556,815
8,15,BMM,0,2461,931,1530,815
9,15,BMM,1,2578,980,1598,815
10,16,BMM,0,2528,962,1566,815
11,16,BMM,1,2618,1010,1608,815
12,17,BMM,0,2564,966,1598,815
13,17,BMM,1,2624,1016,1608,815
14,18,BMM,0,2587,976,1611,815
15,18,BMM,1,2628,1010,1618,815
16,19,BMM,0,2622,994,1628,815
17,19,BMM,1,2662,1024,1638,815
18,20,BMM,0,2654,999,1655,815
19,20,BMM,1,2654,1019,1635,815
20,21,BMM,0,2646,1010,1636,815
21,21,BMM,1,2690,1042,1648,815
22,22,BMM,0,2672,1015,1657,815
23,22,BMM,1,2701,1045,1656,815
24,23,BMM,0,2693,1023,1670,815
25,23,BMM,1,2725,1061,1664,815
26,24,BMM,0,2701,1028,1673,815
27,24,BMM,1,2733,1070,1663,815
28,25,BMM,0,2696,1019,1677,815
29,25,BMM,1,2741,1068,1673,815
30,26,BMM,0,2726,1037,1689,815
31,26,BMM,1,2757,1083,1674,815
32,27,BMM,0,2746,1042,1704,815
33,27,BMM,1,2775,1075,1700,815
34,28,BMM,0,2760,1049,1711,815
35,28,BMM,1,2783,1080,1703,815
36,29,BMM,0,2717,1030,1687,815
37,29,BMM,1,2746,1078,1668,815
38,30,BMM,0,2771,1054,1717,815
39,30,BMM,1,2817,1097,1720,815
40,31,BMM,0,2788,1065,1723,815
41,31,BMM,1,2829,1105,1724,815
42,32,BMM,0,2745,1040,1705,815
43,32,BMM,1,2835,1107,1728,815
44,33,BMM,0,2817,1072,1745,815
45,33,BMM,1,2832,1108,1724,815
46,34,BMM,0,2814,1073,1741,815
47,34,BMM,1,2845,1115,1730,815
48,35,BMM,0,2763,1049,1714,815
49,35,BMM,1,2865,1121,1744,815
50,36,BMM,0,2825,1074,1751,815
51,36,BMM,1,2876,1124,1752,815
52,37,BMM,0,2831,1077,1754,815
53,37,BMM,1,2875,1127,1748,815
54,38,BMM,0,2846,1080,1766,815
55,38,BMM,1,2893,1134,1759,815
56,39,BMM,0,2849,1084,1765,815
57,39,BMM,1,2886,1129,1757,815
58,40,BMM,0,2849,1083,1766,815
59,40,BMM,1,2844,1115,1729,815
60,41,BMM,0,2852,1081,1771,815
61,41,BMM,1,2903,1139,1764,815
62,42,BMM,0,2861,1087,1774,815
63,42,BMM,1,2908,1137,1771,815
64,43,BMM,0,2866,1092,1774,815
65,43,BMM,1,2909,1141,1768,815
66,44,BMM,0,2865,1091,1774,815
67,44,BMM,1,2914,1141,1773,815
68,45,BMM,0,2875,1094,1781,815
69,45,BMM,1,2919,1141,1778,815
70,46,BMM,0,2833,1083,1750,815
71,46,BMM,1,2929,1148,1781,815
72,47,BMM,0,2887,1103,1784,815
73,47,BMM,1,2926,1145,1781,815
74,48,BMM,0,2900,1110,1790,815
75,48,BMM,1,2946,1154,1792,815
76,49,BMM,0,2897,1106,1791,815
77,49,BMM,1,2950,1157,1793,815
78,50,BMM,0,2903,1110,1793,815
79,50,BMM,1,2942,1153,1789,815
80,51,BMM,0,2901,1107,1794,815
81,51,BMM,1,2950,1153,1797,815
82,52,BMM,0,2912,1114,1798,815
83,52,BMM,1,2953,1157,1796,815
84,53,BMM,0,2910,1117,1793,815
85,53,BMM,1,2965,1157,1808,815
86,54,BMM,0,2923,1119,1804,815
87,54,BMM,1,2962,1158,1804,815
88,55,BMM,0,2873,1093,1780,815
89,55,BMM,1,2918,1145,1773,815
90,56,BMM,0,2933,1123,1810,815
91,56,BMM,1,2973,1164,1809,815
92,57,BMM,0,2939,1127,1812,815
93,57,BMM,1,2976,1162,1814,815
94,58,BMM,0,2936,1126,1810,815
95,58,BMM,1,2976,1166,1810,815
96,59,BMM,0,2829,1080,1749,815
97,59,BMM,1,2929,1147,1782,815
98,60,BMM,0,2945,1128,1817,815
99,60,BMM,1,2981,1170,1811,815
100,61,BMM,0,2946,1132,1814,815
101,61,BMM,1,2983,1168,1815,815
102,62,BMM,0,2949,1135,1814,815
103,62,BMM,1,2994,1173,1821,815
104,63,BMM,0,2795,1065,1730,815
105,63,BMM,1,2998,1179,1819,815
106,64,BMM,0,2911,1118,1793,815
107,64,BMM,1,2998,1174,1824,815
108,65,BMM,0,2915,1122,1793,815
109,65,BMM,1,2997,1175,1822,815
110,66,BMM,0,2968,1142,1826,815
111,66,BMM,1,2945,1161,1784,815
112,67,BMM,0,2917,1121,1796,815
113,67,BMM,1,3004,1177,1827,815
114,68,BMM,0,2967,1140,1827,815
115,68,BMM,1,3006,1179,1827,815
116,69,BMM,0,2964,1139,1825,815
117,69,BMM,1,3014,1184,1830,815
118,70,BMM,0,2932,1130,1802,815
119,70,BMM,1,2961,1174,1787,815
120,71,BMM,0,2977,1144,1833,815
121,71,BMM,1,2973,1171,1802,815
122,72,BMM,0,2979,1146,1833,815
123,72,BMM,1,2980,1173,1807,815
124,73,BMM,0,2837,1093,1744,815
125,73,BMM,1,2971,1178,1793,815
126,74,BMM,0,2775,1063,1712,815
127,74,BMM,1,2913,1143,1770,815
128,75,BMM,0,2819,1094,1725,815
129,75,BMM,1,2978,1169,1809,815
130,76,BMM,0,2877,1108,1769,815
131,76,BMM,1,2980,1174,1806,815
132,77,BMM,0,2892,1111,1781,815
133,77,BMM,1,2910,1143,1767,815
134,78,BMM,0,2874,1107,1767,815
135,78,BMM,1,2980,1173,1807,815
136,79,BMM,0,2936,1138,1798,815
137,79,BMM,1,2924,1155,1769,815
138,80,BMM,0,2932,1129,1803,815
139,80,BMM,1,2861,1127,1734,815
140,81,BMM,0,2776,1074,1702,815
141,81,BMM,1,2977,1170,1807,815
142,82,BMM,0,2946,1138,1808,815
143,82,BMM,1,3028,1193,1835,815
144,83,BMM,0,2894,1123,1771,815
145,83,BMM,1,2982,1175,1807,815
146,84,BMM,0,2942,1134,1808,815
147,84,BMM,1,2915,1138,1777,815
148,85,BMM,0,2890,1114,1776,815
149,85,BMM,1,3035,1195,1840,815
150,86,BMM,0,2823,1084,1739,815
151,86,BMM,1,2989,1175,1814,815
152,87,BMM,0,2998,1157,1841,815
153,87,BMM,1,2938,1156,1782,815
154,88,BMM,0,2936,1136,1800,815
155,88,BMM,1,2992,1181,1811,815
156,89,BMM,0,2785,1080,1705,815
157,89,BMM,1,2936,1151,1785,815
158,90,BMM,0,2942,1133,1809,815
159,90,BMM,1,2988,1170,1818,815
160,91,BMM,0,2888,1115,1773,815
161,91,BMM,1,2830,1119,1711,815
162,92,BMM,0,2822,1074,1748,815
163,92,BMM,1,2883,1129,1754,815
164,93,BMM,0,2789,1071,1718,815
165,93,BMM,1,2900,1150,1750,815
166,94,BMM,0,2997,1154,1843,815
167,94,BMM,1,3000,1173,1827,815
168,95,BMM,0,2900,1117,1783,815
169,95,BMM,1,2881,1141,1740,815
170,96,BMM,0,2903,1110,1793,815
171,96,BMM,1,2941,1165,1776,815
172,97,BMM,0,2819,1085,1734,815
173,97,BMM,1,2885,1126,1759,815
174,98,BMM,0,2755,1061,1694,815
175,98,BMM,1,3051,1201,1850,815
176,99,BMM,0,2737,1062,1675,815
177,99,BMM,1,2964,1165,1799,815
178,100,BMM,0,2899,1119,1780,815
179,100,BMM,1,3058,1206,1852,815
180,101,BMM,0,2848,1101,1747,815
181,101,BMM,1,2938,1165,1773,815
182,102,BMM,0,2920,1133,1787,815
183,102,BMM,1,2946,1163,1783,815
184,103,BMM,0,2950,1138,1812,815
185,103,BMM,1,3008,1186,1822,815
186,104,BMM,0,3006,1159,1847,815
187,104,BMM,1,3011,1187,1824,815
188,105,BMM,0,3010,1159,1851,815
189,105,BMM,1,2996,1180,1816,815
190,106,BMM,0,2948,1130,1818,815
191,106,BMM,1,2958,1172,1786,815
192,107,BMM,0,2910,1128,1782,815
193,107,BMM,1,3016,1188,1828,815
194,108,BMM,0,2918,1126,1792,815
195,108,BMM,1,2799,1102,1697,815
196,109,BMM,0,2909,1118,1791,815
197,109,BMM,1,3013,1188,1825,815
198,110,BMM,0,2912,1115,1797,815
199,110,BMM,1,2857,1115,1742,815
200,111,BMM,0,2899,1116,1783,815
201,111,BMM,1,3068,1208,1860,815
202,112,BMM,0,2814,1083,1731,815
203,112,BMM,1,2850,1115,1735,815
204,113,BMM,0,2914,1120,1794,815
205,113,BMM,1,2959,1152,1807,815
206,114,BMM,0,2963,1143,1820,815
207,114,BMM,1,3018,1191,1827,815
208,115,BMM,0,2904,1122,1782,815
209,115,BMM,1,2840,1127,1713,815
210,116,BMM,0,2791,1066,1725,815
211,116,BMM,1,2921,1148,1773,815
212,117,BMM,0,2910,1116,1794,815
213,117,BMM,1,2954,1163,1791,815
214,118,BMM,0,2915,1136,1779,815
215,118,BMM,1,3014,1189,1825,815
216,119,BMM,0,2816,1082,1734,815
217,119,BMM,1,2962,1173,1789,815
218,120,BMM,0,2834,1076,1758,815
219,120,BMM,1,3024,1197,1827,815
220,121,BMM,0,2967,1146,1821,815
221,121,BMM,1,2885,1142,1743,815
222,122,BMM,0,2909,1118,1791,815
223,122,BMM,1,2964,1166,1798,815
224,123,BMM,0,2886,1125,1761,815
225,123,BMM,1,2904,1148,1756,815
226,124,BMM,0,2821,1078,1743,815
227,124,BMM,1,3028,1189,1839,815
228,125,BMM,0,2830,1096,1734,815
229,125,BMM,1,2885,1134,1751,815
230,126,BMM,0,2873,1119,1754,815
231,126,BMM,1,3008,1183,1825,815
232,127,BMM,0,2822,1100,1722,815
233,127,BMM,1,2971,1178,1793,815
234,128,BMM,0,2878,1105,1773,815
235,128,BMM,1,2985,1173,1812,815
236,129,BMM,0,2935,1135,1800,815
237,129,BMM,1,2871,1128,1743,815
238,130,BMM,0,2978,1160,1818,815
239,130,BMM,1,3039,1195,1844,815
240,131,BMM,0,2931,1140,1791,815
241,131,BMM,1,2963,1167,1796,815
242,132,BMM,0,2976,1152,1824,815
243,132,BMM,1,2867,1131,1736,815
244,133,BMM,0,2924,1132,1792,815
245,133,BMM,1,2799,1093,1706,815
246,134,BMM,0,2926,1125,1801,815
247,134,BMM,1,2877,1132,1745,815
248,135,BMM,0,2830,1085,1745,815
249,135,BMM,1,2980,1177,1803,815
250,136,BMM,0,2879,1108,1771,815
251,136,BMM,1,2905,1151,1754,815
252,137,BMM,0,2823,1086,1737,815
253,137,BMM,1,2710,1067,1643,815
254,138,BMM,0,2675,1036,1639,815
255,138,BMM,1,2920,1151,1769,815
256,139,BMM,0,2832,1089,1743,815
257,139,BMM,1,2819,1111,1708,815
258,140,BMM,0,2825,1098,1727,815
259,140,BMM,1,2864,1133,1731,815
260,141,BMM,0,2788,1077,1711,815
261,141,BMM,1,3083,1216,1867,815
262,142,BMM,0,2815,1087,1728,815
263,142,BMM,1,2970,1163,1807,815
264,143,BMM,0,2688,1039,1649,815
265,143,BMM,1,3038,1198,1840,815
266,144,BMM,0,2711,1043,1668,815
267,144,BMM,1,3043,1200,1843,815
268,145,BMM,0,2721,1045,1676,815
269,145,BMM,1,3035,1198,1837,815
270,146,BMM,0,2829,1097,1732,815
271,146,BMM,1,3030,1194,1836,815
272,147,BMM,0,2899,1125,1774,815
273,147,BMM,1,2971,1170,1801,815
274,148,BMM,0,2803,1089,1714,815
275,148,BMM,1,2708,1066,1642,815
276,149,BMM,0,2967,1147,1820,815
277,149,BMM,1,2866,1130,1736,815
278,150,BMM,0,2868,1108,1760,815
279,150,BMM,1,2864,1133,1731,815
280,151,BMM,0,2993,1157,1836,815
281,151,BMM,1,2941,1160,1781,815
282,152,BMM,0,2988,1155,1833,815
283,152,BMM,1,2790,1114,1676,815
284,153,BMM,0,2933,1135,1798,815
285,153,BMM,1,2926,1144,1782,815
286,154,BMM,0,2986,1152,1834,815
287,154,BMM,1,2803,1097,1706,815
288,155,BMM,0,2766,1063,1703,815
289,155,BMM,1,3089,1218,1871,815
290,156,BMM,0,2875,1127,1748,815
291,156,BMM,1,2976,1172,1804,815
292,157,BMM,0,2829,1099,1730,815
293,157,BMM,1,2883,1132,1751,815
294,158,BMM,0,2937,1137,1800,815
295,158,BMM,1,2824,1098,1726,815
296,159,BMM,0,2784,1089,1695,815
297,159,BMM,1,2928,1151,1777,815
298,160,BMM,0,2984,1150,1834,815
299,160,BMM,1,2921,1159,1762,815
300,161,BMM,0,2828,1092,1736,815
301,161,BMM,1,2870,1129,1741,815
302,162,BMM,0,2728,1045,1683,815
303,162,BMM,1,2937,1153,1784,815
304,163,BMM,0,2886,1113,1773,815
305,163,BMM,1,2882,1134,1748,815
306,164,BMM,0,2842,1096,1746,815
307,164,BMM,1,2984,1171,1813,815
308,165,BMM,0,2740,1078,1662,815
309,165,BMM,1,3028,1200,1828,815
310,166,BMM,0,2812,1086,1726,815
311,166,BMM,1,2937,1158,1779,815
312,167,BMM,0,2946,1138,1808,815
313,167,BMM,1,3045,1198,1847,815
314,168,BMM,0,2992,1154,1838,815
315,168,BMM,1,2863,1134,1729,815
316,169,BMM,0,2932,1134,1798,815
317,169,BMM,1,2835,1112,1723,815
318,170,BMM,0,2990,1156,1834,815
319,170,BMM,1,2726,1084,1642,815
320,171,BMM,0,2925,1136,1789,815
321,171,BMM,1,2929,1148,1781,815
322,172,BMM,0,2703,1057,1646,815
323,172,BMM,1,2872,1131,1741,815
324,173,BMM,0,2923,1134,1789,815
325,173,BMM,1,2990,1175,1815,815
326,174,BMM,0,2932,1143,1789,815
327,174,BMM,1,2987,1175,1812,815
328,175,BMM,0,2823,1086,1737,815
329,175,BMM,1,2938,1156,1782,815
330,176,BMM,0,2881,1111,1770,815
331,176,BMM,1,2886,1136,1750,815
332,177,BMM,0,2823,1094,1729,815
333,177,BMM,1,3003,1177,1826,815
334,178,BMM,0,2942,1141,1801,815
335,178,BMM,1,2788,1092,1696,815
336,179,BMM,0,2940,1135,1805,815
337,179,BMM,1,2888,1143,1745,815
338,180,BMM,0,2729,1039,1690,815
339,180,BMM,1,2942,1166,1776,815
340,181,BMM,0,2937,1131,1806,815
341,181,BMM,1,2938,1165,1773,815
342,182,BMM,0,2736,1065,1671,815
343,182,BMM,1,2816,1113,1703,815
344,183,BMM,0,2884,1106,1778,815
345,183,BMM,1,2996,1186,1810,815
346,184,BMM,0,2987,1156,1831,815
347,184,BMM,1,3035,1197,1838,815
348,185,BMM,0,2895,1133,1762,815
349,185,BMM,1,3043,1208,1835,815
350,186,BMM,0,2787,1088,1699,815
351,186,BMM,1,2831,1122,1709,815
352,187,BMM,0,2785,1084,1701,815
353,187,BMM,1,2837,1129,1708,815
354,188,BMM,0,2889,1113,1776,815
355,188,BMM,1,2827,1110,1717,815
356,189,BMM,0,2882,1122,1760,815
357,189,BMM,1,2975,1176,1799,815
358,190,BMM,0,2801,1087,1714,815
359,190,BMM,1,2818,1124,1694,815
360,191,BMM,0,2938,1146,1792,815
361,191,BMM,1,2974,1176,1798,815
362,192,BMM,0,2778,1064,1714,815
363,192,BMM,1,3043,1207,1836,815
364,193,BMM,0,2920,1130,1790,815
365,193,BMM,1,2835,1116,1719,815
366,194,BMM,0,2702,1046,1656,815
367,194,BMM,1,2946,1163,1783,815
368,195,BMM,0,2891,1125,1766,815
369,195,BMM,1,2939,1171,1768,815
370,196,BMM,0,2653,1031,1622,815
371,196,BMM,1,2660,1055,1605,815
372,197,BMM,0,2679,1047,1632,815
373,197,BMM,1,2945,1160,1785,815
374,198,BMM,0,2817,1085,1732,815
375,198,BMM,1,2729,1083,1646,815
376,199,BMM,0,2770,1084,1686,815
377,199,BMM,1,2989,1186,1803,815
378,200,BMM,0,2910,1131,1779,815
379,200,BMM,1,2926,1158,1768,815
380,201,BMM,0,2898,1128,1770,815
381,201,BMM,1,2896,1137,1759,815
382,202,BMM,0,3004,1164,1840,815
383,202,BMM,1,3046,1201,1845,815
384,203,BMM,0,2781,1085,1696,815
385,203,BMM,1,2987,1181,1806,815
386,204,BMM,0,2686,1039,1647,815
387,204,BMM,1,3000,1184,1816,815
388,205,BMM,0,2888,1119,1769,815
389,205,BMM,1,2947,1164,1783,815
390,206,BMM,0,2879,1119,1760,815
391,206,BMM,1,2933,1162,1771,815
392,207,BMM,0,2825,1088,1737,815
393,207,BMM,1,2882,1151,1731,815
394,208,BMM,0,2993,1160,1833,815
395,208,BMM,1,2912,1156,1756,815
396,209,BMM,0,2939,1144,1795,815
397,209,BMM,1,2924,1158,1766,815
398,210,BMM,0,2890,1114,1776,815
399,210,BMM,1,3043,1200,1843,815
400,211,BMM,0,2944,1151,1793,815
401,211,BMM,1,3046,1207,1839,815
402,212,BMM,0,2892,1125,1767,815
403,212,BMM,1,2947,1173,1774,815
404,213,BMM,0,3002,1160,1842,815
405,213,BMM,1,2948,1165,1783,815
406,214,BMM,0,2956,1139,1817,815
407,214,BMM,1,3011,1193,1818,815
408,215,BMM,0,3063,1189,1874,815
409,215,BMM,1,3007,1189,1818,815
410,216,BMM,0,3007,1155,1852,815
411,216,BMM,1,3051,1207,1844,815
412,217,BMM,0,3018,1170,1848,815
413,217,BMM,1,3087,1220,1867,815
414,218,BMM,0,3020,1167,1853,815
415,218,BMM,1,3001,1187,1814,815
416,219,BMM,0,3079,1197,1882,815
417,219,BMM,1,3069,1217,1852,815
418,220,BMM,0,3083,1197,1886,815
419,220,BMM,1,3091,1219,1872,815
420,221,BMM,0,3033,1178,1855,815
421,221,BMM,1,3135,1238,1897,815
422,222,BMM,0,2984,1167,1817,815
423,222,BMM,1,3080,1213,1867,815
424,223,BMM,0,2930,1148,1782,815
425,223,BMM,1,3036,1202,1834,815
426,224,BMM,0,3033,1185,1848,815
427,224,BMM,1,3041,1207,1834,815
428,225,BMM,0,2994,1160,1834,815
429,225,BMM,1,3037,1194,1843,815
430,226,BMM,0,3005,1169,1836,815
431,226,BMM,1,3082,1216,1866,815
432,227,BMM,0,2847,1107,1740,815
433,227,BMM,1,3106,1229,1877,815
434,228,BMM,0,3060,1196,1864,815
435,228,BMM,1,3100,1231,1869,815
436,229,BMM,0,3113,1214,1899,815
437,229,BMM,1,3054,1210,1844,815
438,230,BMM,0,3016,1178,1838,815
439,230,BMM,1,3111,1233,1878,815
440,231,BMM,0,2908,1130,1778,815
441,231,BMM,1,3108,1226,1882,815
442,232,BMM,0,3007,1173,1834,815
443,232,BMM,1,3105,1225,1880,815
444,233,BMM,0,3011,1177,1834,815
445,233,BMM,1,3054,1205,1849,815
446,234,BMM,0,3077,1204,1873,815
447,234,BMM,1,3113,1241,1872,815
448,235,BMM,0,2971,1155,1816,815
449,235,BMM,1,3005,1188,1817,815
450,236,BMM,0,3030,1178,1852,815
451,236,BMM,1,3055,1212,1843,815
452,237,BMM,0,3127,1223,1904,815
453,237,BMM,1,3174,1258,1916,815
454,238,BMM,0,2952,1135,1817,815
455,238,BMM,1,3182,1258,1924,815
456,239,BMM,0,2877,1113,1764,815
457,239,BMM,1,3070,1205,1865,815
458,240,BMM,0,3086,1198,1888,815
459,240,BMM,1,3116,1238,1878,815
460,241,BMM,0,3088,1203,1885,815
461,241,BMM,1,3082,1216,1866,815
462,242,BMM,0,2928,1148,1780,815
463,242,BMM,1,3087,1220,1867,815
464,243,BMM,0,3145,1228,1917,815
465,243,BMM,1,2962,1165,1797,815
466,244,BMM,0,3145,1229,1916,815
467,244,BMM,1,3136,1241,1895,815
468,245,BMM,0,3045,1188,1857,815
469,245,BMM,1,3188,1259,1929,815
470,246,BMM,0,3093,1205,1888,815
471,246,BMM,1,3083,1220,1863,815
472,247,BMM,0,3051,1190,1861,815
473,247,BMM,1,3206,1268,1938,815
474,248,BMM,0,2976,1172,1804,815
475,248,BMM,1,3131,1234,1897,815
476,249,BMM,0,3055,1192,1863,815
477,249,BMM,1,3144,1237,1907,815
478,250,BMM,0,3163,1238,1925,815
479,250,BMM,1,3145,1239,1906,815
480,251,BMM,0,3110,1218,1892,815
481,251,BMM,1,3209,1267,1942,815
482,252,BMM,0,3066,1202,1864,815
483,252,BMM,1,3089,1222,1867,815
484,253,BMM,0,3161,1237,1924,815
485,253,BMM,1,3166,1246,1920,815
486,254,BMM,0,3063,1198,1865,815
487,254,BMM,1,3170,1249,1921,815
488,255,BMM,0,3177,1240,1937,815
489,255,BMM,1,3205,1266,1939,815
490,256,BMM,0,2949,1146,1803,815
491,256,BMM,1,3214,1269,1945,815
492,257,BMM,0,3115,1220,1895,815
493,257,BMM,1,3216,1269,1947,815
494,258,BMM,0,3178,1242,1936,815
495,258,BMM,1,3224,1270,1954,815
496,259,BMM,0,2960,1164,1796,815
497,259,BMM,1,3177,1250,1927,815
498,260,BMM,0,3070,1198,1872,815
499,260,BMM,1,3065,1208,1857,815
500,261,BMM,0,3116,1222,1894,815
501,261,BMM,1,3166,1254,1912,815
502,262,BMM,0,3062,1200,1862,815
503,262,BMM,1,3080,1207,1873,815
504,263,BMM,0,3190,1249,1941,815
505,263,BMM,1,3110,1230,1880,815
506,264,BMM,0,3131,1222,1909,815
507,264,BMM,1,3175,1256,1919,815
508,265,BMM,0,3017,1182,1835,815
509,265,BMM,1,3121,1235,1886,815
510,266,BMM,0,2965,1155,1810,815
511,266,BMM,1,3170,1259,1911,815
512,267,BMM,0,3019,1171,1848,815
513,267,BMM,1,3183,1259,1924,815
514,268,BMM,0,3185,1243,1942,815
515,268,BMM,1,3238,1280,1958,815
516,269,BMM,0,3133,1227,1906,815
517,269,BMM,1,3175,1260,1915,815
518,270,BMM,0,3129,1222,1907,815
519,270,BMM,1,3130,1243,1887,815
520,271,BMM,0,3040,1192,1848,815
521,271,BMM,1,3068,1220,1848,815
522,272,BMM,0,3133,1225,1908,815
523,272,BMM,1,3204,1266,1938,815
524,273,BMM,0,3201,1251,1950,815
525,273,BMM,1,3018,1191,1827,815
526,274,BMM,0,3200,1249,1951,815
527,274,BMM,1,3243,1283,1960,815
528,275,BMM,0,3097,1210,1887,815
529,275,BMM,1,3151,1243,1908,815
530,276,BMM,0,3199,1251,1948,815
531,276,BMM,1,3132,1232,1900,815
532,277,BMM,0,3035,1185,1850,815
533,277,BMM,1,3247,1286,1961,815
534,278,BMM,0,3154,1224,1930,815
535,278,BMM,1,3132,1227,1905,815
536,279,BMM,0,2989,1169,1820,815
537,279,BMM,1,3076,1228,1848,815
538,280,BMM,0,3207,1255,1952,815
539,280,BMM,1,3247,1287,1960,815
540,281,BMM,0,3216,1259,1957,815
541,281,BMM,1,3126,1235,1891,815
542,282,BMM,0,3046,1190,1856,815
543,282,BMM,1,3131,1239,1892,815
544,283,BMM,0,3222,1260,1962,815
545,283,BMM,1,3153,1251,1902,815
546,284,BMM,0,3163,1241,1922,815
547,284,BMM,1,3135,1233,1902,815
548,285,BMM,0,3122,1214,1908,815
549,285,BMM,1,3206,1269,1937,815
550,286,BMM,0,3024,1172,1852,815
551,286,BMM,1,3063,1222,1841,815
552,287,BMM,0,3166,1239,1927,815
553,287,BMM,1,3246,1285,1961,815
554,288,BMM,0,3120,1222,1898,815
555,288,BMM,1,3203,1271,1932,815
556,289,BMM,0,3172,1239,1933,815
557,289,BMM,1,3189,1260,1929,815
558,290,BMM,0,3180,1248,1932,815
559,290,BMM,1,3122,1229,1893,815
560,291,BMM,0,3232,1262,1970,815
561,291,BMM,1,3081,1218,1863,815
562,292,BMM,0,3179,1237,1942,815
563,292,BMM,1,3189,1258,1931,815
564,293,BMM,0,3080,1202,1878,815
565,293,BMM,1,3205,1268,1937,815
566,294,BMM,0,3125,1217,1908,815
567,294,BMM,1,3194,1266,1928,815
568,295,BMM,0,3134,1216,1918,815
569,295,BMM,1,3261,1295,1966,815
570,296,BMM,0,3124,1217,1907,815
571,296,BMM,1,3145,1243,1902,815
572,297,BMM,0,3233,1261,1972,815
573,297,BMM,1,3090,1222,1868,815
574,298,BMM,0,3178,1234,1944,815
575,298,BMM,1,3165,1253,1912,815
576,299,BMM,0,3185,1243,1942,815
577,299,BMM,1,3262,1294,1968,815
,epoch,method,label,total,TP,FP,seed
0,11,BMM,0,2236,815,1421,19
1,11,BMM,1,2303,846,1457,19
2,12,BMM,0,2275,863,1412,19
3,12,BMM,1,2393,895,1498,19
4,13,BMM,0,2352,894,1458,19
5,13,BMM,1,2434,894,1540,19
6,14,BMM,0,2429,935,1494,19
7,14,BMM,1,2481,934,1547,19
8,15,BMM,0,2537,978,1559,19
9,15,BMM,1,2546,957,1589,19
10,16,BMM,0,2560,987,1573,19
11,16,BMM,1,2557,967,1590,19
12,17,BMM,0,2592,998,1594,19
13,17,BMM,1,2603,982,1621,19
14,18,BMM,0,2627,1012,1615,19
15,18,BMM,1,2634,1007,1627,19
16,19,BMM,0,2640,1017,1623,19
17,19,BMM,1,2655,1018,1637,19
18,20,BMM,0,2653,1014,1639,19
19,20,BMM,1,2646,1009,1637,19
20,21,BMM,0,2661,1026,1635,19
21,21,BMM,1,2674,1016,1658,19
22,22,BMM,0,2699,1046,1653,19
23,22,BMM,1,2692,1023,1669,19
24,23,BMM,0,2698,1042,1656,19
25,23,BMM,1,2703,1034,1669,19
26,24,BMM,0,2704,1042,1662,19
27,24,BMM,1,2740,1041,1699,19
28,25,BMM,0,2720,1054,1666,19
29,25,BMM,1,2763,1056,1707,19
30,26,BMM,0,2735,1054,1681,19
31,26,BMM,1,2771,1060,1711,19
32,27,BMM,0,2747,1065,1682,19
33,27,BMM,1,2767,1058,1709,19
34,28,BMM,0,2757,1067,1690,19
35,28,BMM,1,2778,1058,1720,19
36,29,BMM,0,2772,1071,1701,19
37,29,BMM,1,2791,1065,1726,19
38,30,BMM,0,2781,1074,1707,19
39,30,BMM,1,2809,1071,1738,19
40,31,BMM,0,2780,1074,1706,19
41,31,BMM,1,2826,1080,1746,19
42,32,BMM,0,2792,1079,1713,19
43,32,BMM,1,2831,1081,1750,19
44,33,BMM,0,2807,1084,1723,19
45,33,BMM,1,2838,1088,1750,19
46,34,BMM,0,2814,1087,1727,19
47,34,BMM,1,2849,1089,1760,19
48,35,BMM,0,2830,1095,1735,19
49,35,BMM,1,2863,1100,1763,19
50,36,BMM,0,2834,1095,1739,19
51,36,BMM,1,2879,1107,1772,19
52,37,BMM,0,2800,1080,1720,19
53,37,BMM,1,2869,1104,1765,19
54,38,BMM,0,2846,1100,1746,19
55,38,BMM,1,2884,1108,1776,19
56,39,BMM,0,2867,1114,1753,19
57,39,BMM,1,2876,1102,1774,19
58,40,BMM,0,2813,1084,1729,19
59,40,BMM,1,2871,1103,1768,19
60,41,BMM,0,2878,1115,1763,19
61,41,BMM,1,2899,1115,1784,19
62,42,BMM,0,2877,1116,1761,19
63,42,BMM,1,2905,1119,1786,19
64,43,BMM,0,2885,1119,1766,19
65,43,BMM,1,2903,1116,1787,19
66,44,BMM,0,2884,1118,1766,19
67,44,BMM,1,2859,1097,1762,19
68,45,BMM,0,2899,1123,1776,19
69,45,BMM,1,2916,1124,1792,19
70,46,BMM,0,2897,1126,1771,19
71,46,BMM,1,2877,1109,1768,19
72,47,BMM,0,2898,1124,1774,19
73,47,BMM,1,2928,1126,1802,19
74,48,BMM,0,2859,1106,1753,19
75,48,BMM,1,2933,1132,1801,19
76,49,BMM,0,2914,1127,1787,19
77,49,BMM,1,2939,1134,1805,19
78,50,BMM,0,2915,1129,1786,19
79,50,BMM,1,2940,1136,1804,19
80,51,BMM,0,2871,1109,1762,19
81,51,BMM,1,2955,1139,1816,19
82,52,BMM,0,2924,1130,1794,19
83,52,BMM,1,2950,1139,1811,19
84,53,BMM,0,2923,1134,1789,19
85,53,BMM,1,2902,1121,1781,19
86,54,BMM,0,2929,1133,1796,19
87,54,BMM,1,2901,1122,1779,19
88,55,BMM,0,2925,1132,1793,19
89,55,BMM,1,2904,1120,1784,19
90,56,BMM,0,2878,1111,1767,19
91,56,BMM,1,2856,1095,1761,19
92,57,BMM,0,2885,1115,1770,19
93,57,BMM,1,2917,1125,1792,19
94,58,BMM,0,2893,1124,1769,19
95,58,BMM,1,2967,1143,1824,19
96,59,BMM,0,2937,1134,1803,19
97,59,BMM,1,2920,1128,1792,19
98,60,BMM,0,2898,1123,1775,19
99,60,BMM,1,2972,1147,1825,19
100,61,BMM,0,2956,1145,1811,19
101,61,BMM,1,2919,1125,1794,19
102,62,BMM,0,2844,1090,1754,19
103,62,BMM,1,2986,1150,1836,19
104,63,BMM,0,2904,1127,1777,19
105,63,BMM,1,2889,1116,1773,19
106,64,BMM,0,2960,1146,1814,19
107,64,BMM,1,2933,1136,1797,19
108,65,BMM,0,2848,1099,1749,19
109,65,BMM,1,2996,1154,1842,19
110,66,BMM,0,2961,1144,1817,19
111,66,BMM,1,2992,1152,1840,19
112,67,BMM,0,2915,1129,1786,19
113,67,BMM,1,2990,1154,1836,19
114,68,BMM,0,2860,1103,1757,19
115,68,BMM,1,2994,1157,1837,19
116,69,BMM,0,2918,1135,1783,19
117,69,BMM,1,2996,1155,1841,19
118,70,BMM,0,2975,1155,1820,19
119,70,BMM,1,2854,1102,1752,19
120,71,BMM,0,2922,1140,1782,19
121,71,BMM,1,2947,1140,1807,19
122,72,BMM,0,2869,1121,1748,19
123,72,BMM,1,2889,1116,1773,19
124,73,BMM,0,2977,1155,1822,19
125,73,BMM,1,2898,1117,1781,19
126,74,BMM,0,2981,1158,1823,19
127,74,BMM,1,3000,1157,1843,19
128,75,BMM,0,2986,1160,1826,19
129,75,BMM,1,2858,1098,1760,19
130,76,BMM,0,2894,1122,1772,19
131,76,BMM,1,2948,1135,1813,19
132,77,BMM,0,2986,1164,1822,19
133,77,BMM,1,3009,1164,1845,19
134,78,BMM,0,2794,1092,1702,19
135,78,BMM,1,2847,1091,1756,19
136,79,BMM,0,2884,1121,1763,19
137,79,BMM,1,2977,1148,1829,19
138,80,BMM,0,2993,1165,1828,19
139,80,BMM,1,3018,1167,1851,19
140,81,BMM,0,2939,1140,1799,19
141,81,BMM,1,2806,1086,1720,19
142,82,BMM,0,2894,1126,1768,19
143,82,BMM,1,2923,1129,1794,19
144,83,BMM,0,2846,1114,1732,19
145,83,BMM,1,2908,1129,1779,19
146,84,BMM,0,2840,1112,1728,19
147,84,BMM,1,3021,1167,1854,19
148,85,BMM,0,2945,1156,1789,19
149,85,BMM,1,3018,1165,1853,19
150,86,BMM,0,2948,1150,1798,19
151,86,BMM,1,3021,1168,1853,19
152,87,BMM,0,2838,1096,1742,19
153,87,BMM,1,2921,1126,1795,19
154,88,BMM,0,2999,1171,1828,19
155,88,BMM,1,2921,1128,1793,19
156,89,BMM,0,2948,1150,1798,19
157,89,BMM,1,2919,1130,1789,19
158,90,BMM,0,2939,1143,1796,19
159,90,BMM,1,3028,1173,1855,19
160,91,BMM,0,2952,1157,1795,19
161,91,BMM,1,2912,1120,1792,19
162,92,BMM,0,2851,1115,1736,19
163,92,BMM,1,2979,1151,1828,19
164,93,BMM,0,2955,1151,1804,19
165,93,BMM,1,2976,1153,1823,19
166,94,BMM,0,2841,1111,1730,19
167,94,BMM,1,2920,1138,1782,19
168,95,BMM,0,2901,1135,1766,19
169,95,BMM,1,3025,1172,1853,19
170,96,BMM,0,2739,1082,1657,19
171,96,BMM,1,2984,1152,1832,19
172,97,BMM,0,2904,1141,1763,19
173,97,BMM,1,2929,1137,1792,19
174,98,BMM,0,2908,1141,1767,19
175,98,BMM,1,2876,1116,1760,19
176,99,BMM,0,2901,1141,1760,19
177,99,BMM,1,2716,1060,1656,19
178,100,BMM,0,2900,1131,1769,19
179,100,BMM,1,3033,1175,1858,19
180,101,BMM,0,3013,1179,1834,19
181,101,BMM,1,2715,1043,1672,19
182,102,BMM,0,2964,1162,1802,19
183,102,BMM,1,2868,1108,1760,19
184,103,BMM,0,3011,1176,1835,19
185,103,BMM,1,2838,1098,1740,19
186,104,BMM,0,2975,1160,1815,19
187,104,BMM,1,2922,1138,1784,19
188,105,BMM,0,2688,1048,1640,19
189,105,BMM,1,2928,1131,1797,19
190,106,BMM,0,2910,1129,1781,19
191,106,BMM,1,2983,1155,1828,19
192,107,BMM,0,2856,1107,1749,19
193,107,BMM,1,2916,1127,1789,19
194,108,BMM,0,2966,1156,1810,19
195,108,BMM,1,2881,1111,1770,19
196,109,BMM,0,2905,1134,1771,19
197,109,BMM,1,2942,1145,1797,19
198,110,BMM,0,2954,1151,1803,19
199,110,BMM,1,2974,1158,1816,19
200,111,BMM,0,2815,1083,1732,19
201,111,BMM,1,2973,1156,1817,19
202,112,BMM,0,2807,1104,1703,19
203,112,BMM,1,2860,1101,1759,19
204,113,BMM,0,2650,1039,1611,19
205,113,BMM,1,3041,1179,1862,19
206,114,BMM,0,2968,1161,1807,19
207,114,BMM,1,2844,1108,1736,19
208,115,BMM,0,2770,1093,1677,19
209,115,BMM,1,2829,1103,1726,19
210,116,BMM,0,2874,1124,1750,19
211,116,BMM,1,3041,1182,1859,19
212,117,BMM,0,2883,1136,1747,19
213,117,BMM,1,2983,1153,1830,19
214,118,BMM,0,2977,1159,1818,19
215,118,BMM,1,2945,1140,1805,19
216,119,BMM,0,2918,1145,1773,19
217,119,BMM,1,2835,1091,1744,19
218,120,BMM,0,3030,1184,1846,19
219,120,BMM,1,2943,1135,1808,19
220,121,BMM,0,2822,1107,1715,19
221,121,BMM,1,2948,1144,1804,19
222,122,BMM,0,2808,1100,1708,19
223,122,BMM,1,2887,1116,1771,19
224,123,BMM,0,2924,1140,1784,19
225,123,BMM,1,3046,1183,1863,19
226,124,BMM,0,2925,1145,1780,19
227,124,BMM,1,2888,1115,1773,19
228,125,BMM,0,2926,1150,1776,19
229,125,BMM,1,2940,1139,1801,19
230,126,BMM,0,2882,1118,1764,19
231,126,BMM,1,2940,1142,1798,19
232,127,BMM,0,2890,1131,1759,19
233,127,BMM,1,2834,1097,1737,19
234,128,BMM,0,2880,1125,1755,19
235,128,BMM,1,2857,1113,1744,19
236,129,BMM,0,2839,1109,1730,19
237,129,BMM,1,2949,1144,1805,19
238,130,BMM,0,2872,1120,1752,19
239,130,BMM,1,3002,1163,1839,19
240,131,BMM,0,3003,1170,1833,19
241,131,BMM,1,2943,1138,1805,19
242,132,BMM,0,2824,1098,1726,19
243,132,BMM,1,2937,1139,1798,19
244,133,BMM,0,2881,1121,1760,19
245,133,BMM,1,2898,1125,1773,19
246,134,BMM,0,2776,1075,1701,19
247,134,BMM,1,3005,1170,1835,19
248,135,BMM,0,2977,1155,1822,19
249,135,BMM,1,2886,1130,1756,19
250,136,BMM,0,2673,1041,1632,19
251,136,BMM,1,2846,1116,1730,19
252,137,BMM,0,2873,1110,1763,19
253,137,BMM,1,2798,1095,1703,19
254,138,BMM,0,2730,1065,1665,19
255,138,BMM,1,2991,1166,1825,19
256,139,BMM,0,2794,1090,1704,19
257,139,BMM,1,2783,1076,1707,19
258,140,BMM,0,2831,1107,1724,19
259,140,BMM,1,3002,1160,1842,19
260,141,BMM,0,2872,1121,1751,19
261,141,BMM,1,2887,1122,1765,19
262,142,BMM,0,2984,1169,1815,19
263,142,BMM,1,2739,1060,1679,19
264,143,BMM,0,2786,1088,1698,19
265,143,BMM,1,2813,1084,1729,19
266,144,BMM,0,2720,1061,1659,19
267,144,BMM,1,3003,1159,1844,19
268,145,BMM,0,2953,1153,1800,19
269,145,BMM,1,3056,1185,1871,19
270,146,BMM,0,2819,1096,1723,19
271,146,BMM,1,2957,1146,1811,19
272,147,BMM,0,2941,1146,1795,19
273,147,BMM,1,3008,1168,1840,19
274,148,BMM,0,2890,1127,1763,19
275,148,BMM,1,2754,1065,1689,19
276,149,BMM,0,2856,1116,1740,19
277,149,BMM,1,2904,1144,1760,19
278,150,BMM,0,2763,1067,1696,19
279,150,BMM,1,2754,1064,1690,19
280,151,BMM,0,2896,1131,1765,19
281,151,BMM,1,2900,1136,1764,19
282,152,BMM,0,2829,1108,1721,19
283,152,BMM,1,2707,1050,1657,19
284,153,BMM,0,2995,1162,1833,19
285,153,BMM,1,2848,1108,1740,19
286,154,BMM,0,2836,1104,1732,19
287,154,BMM,1,2914,1132,1782,19
288,155,BMM,0,2946,1150,1796,19
289,155,BMM,1,2754,1065,1689,19
290,156,BMM,0,2740,1055,1685,19
291,156,BMM,1,2760,1071,1689,19
292,157,BMM,0,2899,1139,1760,19
293,157,BMM,1,2738,1067,1671,19
294,158,BMM,0,2828,1102,1726,19
295,158,BMM,1,2833,1087,1746,19
296,159,BMM,0,2877,1130,1747,19
297,159,BMM,1,2803,1089,1714,19
298,160,BMM,0,2940,1151,1789,19
299,160,BMM,1,2845,1116,1729,19
300,161,BMM,0,2910,1134,1776,19
301,161,BMM,1,2859,1102,1757,19
302,162,BMM,0,3040,1186,1854,19
303,162,BMM,1,2892,1120,1772,19
304,163,BMM,0,2889,1132,1757,19
305,163,BMM,1,2868,1104,1764,19
306,164,BMM,0,2943,1144,1799,19
307,164,BMM,1,2963,1149,1814,19
308,165,BMM,0,2986,1165,1821,19
309,165,BMM,1,2855,1114,1741,19
310,166,BMM,0,2943,1151,1792,19
311,166,BMM,1,2953,1147,1806,19
312,167,BMM,0,2987,1163,1824,19
313,167,BMM,1,2844,1090,1754,19
314,168,BMM,0,2866,1124,1742,19
315,168,BMM,1,2963,1156,1807,19
316,169,BMM,0,2682,1042,1640,19
317,169,BMM,1,2914,1125,1789,19
318,170,BMM,0,2823,1095,1728,19
319,170,BMM,1,2903,1125,1778,19
320,171,BMM,0,2937,1147,1790,19
321,171,BMM,1,2862,1116,1746,19
322,172,BMM,0,2833,1101,1732,19
323,172,BMM,1,2809,1094,1715,19
324,173,BMM,0,2994,1165,1829,19
325,173,BMM,1,2838,1093,1745,19
326,174,BMM,0,2989,1162,1827,19
327,174,BMM,1,2848,1108,1740,19
328,175,BMM,0,2790,1101,1689,19
329,175,BMM,1,3018,1172,1846,19
330,176,BMM,0,2839,1112,1727,19
331,176,BMM,1,2915,1138,1777,19
332,177,BMM,0,2885,1124,1761,19
333,177,BMM,1,2811,1097,1714,19
334,178,BMM,0,2730,1074,1656,19
335,178,BMM,1,2817,1102,1715,19
336,179,BMM,0,2945,1148,1797,19
337,179,BMM,1,2967,1157,1810,19
338,180,BMM,0,2845,1106,1739,19
339,180,BMM,1,2860,1108,1752,19
340,181,BMM,0,2817,1081,1736,19
341,181,BMM,1,2762,1066,1696,19
342,182,BMM,0,2794,1088,1706,19
343,182,BMM,1,2922,1127,1795,19
344,183,BMM,0,2950,1146,1804,19
345,183,BMM,1,2869,1120,1749,19
346,184,BMM,0,2825,1095,1730,19
347,184,BMM,1,2912,1125,1787,19
348,185,BMM,0,2960,1151,1809,19
349,185,BMM,1,2855,1118,1737,19
350,186,BMM,0,2678,1046,1632,19
351,186,BMM,1,2863,1114,1749,19
352,187,BMM,0,2722,1068,1654,19
353,187,BMM,1,2964,1146,1818,19
354,188,BMM,0,2778,1082,1696,19
355,188,BMM,1,2913,1136,1777,19
356,189,BMM,0,2789,1077,1712,19
357,189,BMM,1,2959,1146,1813,19
358,190,BMM,0,2785,1085,1700,19
359,190,BMM,1,2745,1070,1675,19
360,191,BMM,0,3000,1171,1829,19
361,191,BMM,1,2913,1140,1773,19
362,192,BMM,0,2789,1091,1698,19
363,192,BMM,1,2913,1126,1787,19
364,193,BMM,0,2905,1132,1773,19
365,193,BMM,1,2705,1053,1652,19
366,194,BMM,0,2832,1113,1719,19
367,194,BMM,1,2828,1106,1722,19
368,195,BMM,0,2781,1092,1689,19
369,195,BMM,1,2804,1097,1707,19
370,196,BMM,0,2788,1096,1692,19
371,196,BMM,1,2818,1099,1719,19
372,197,BMM,0,2895,1119,1776,19
373,197,BMM,1,2911,1126,1785,19
374,198,BMM,0,2795,1091,1704,19
375,198,BMM,1,2856,1120,1736,19
376,199,BMM,0,3001,1167,1834,19
377,199,BMM,1,2963,1149,1814,19
378,200,BMM,0,2882,1125,1757,19
379,200,BMM,1,3022,1172,1850,19
380,201,BMM,0,2843,1097,1746,19
381,201,BMM,1,2807,1088,1719,19
382,202,BMM,0,2848,1108,1740,19
383,202,BMM,1,2872,1115,1757,19
384,203,BMM,0,2793,1083,1710,19
385,203,BMM,1,2852,1102,1750,19
386,204,BMM,0,2945,1148,1797,19
387,204,BMM,1,2870,1105,1765,19
388,205,BMM,0,2898,1135,1763,19
389,205,BMM,1,2970,1152,1818,19
390,206,BMM,0,2888,1134,1754,19
391,206,BMM,1,3016,1171,1845,19
392,207,BMM,0,2895,1123,1772,19
393,207,BMM,1,2967,1152,1815,19
394,208,BMM,0,3053,1190,1863,19
395,208,BMM,1,2808,1085,1723,19
396,209,BMM,0,2909,1128,1781,19
397,209,BMM,1,2924,1145,1779,19
398,210,BMM,0,2889,1127,1762,19
399,210,BMM,1,3033,1180,1853,19
400,211,BMM,0,2850,1119,1731,19
401,211,BMM,1,2989,1157,1832,19
402,212,BMM,0,3001,1183,1818,19
403,212,BMM,1,3034,1180,1854,19
404,213,BMM,0,3010,1174,1836,19
405,213,BMM,1,3042,1185,1857,19
406,214,BMM,0,2940,1152,1788,19
407,214,BMM,1,2990,1166,1824,19
408,215,BMM,0,2908,1138,1770,19
409,215,BMM,1,2997,1158,1839,19
410,216,BMM,0,2922,1136,1786,19
411,216,BMM,1,3038,1179,1859,19
412,217,BMM,0,3015,1179,1836,19
413,217,BMM,1,3051,1191,1860,19
414,218,BMM,0,2961,1156,1805,19
415,218,BMM,1,2997,1168,1829,19
416,219,BMM,0,2908,1129,1779,19
417,219,BMM,1,3066,1198,1868,19
418,220,BMM,0,2903,1137,1766,19
419,220,BMM,1,2951,1154,1797,19
420,221,BMM,0,2971,1156,1815,19
421,221,BMM,1,3057,1189,1868,19
422,222,BMM,0,2968,1156,1812,19
423,222,BMM,1,3019,1175,1844,19
424,223,BMM,0,2927,1146,1781,19
425,223,BMM,1,3075,1199,1876,19
426,224,BMM,0,2889,1116,1773,19
427,224,BMM,1,2970,1149,1821,19
428,225,BMM,0,3093,1207,1886,19
429,225,BMM,1,3020,1173,1847,19
430,226,BMM,0,3045,1194,1851,19
431,226,BMM,1,2921,1121,1800,19
432,227,BMM,0,3057,1189,1868,19
433,227,BMM,1,3094,1210,1884,19
434,228,BMM,0,3051,1184,1867,19
435,228,BMM,1,3088,1200,1888,19
436,229,BMM,0,2914,1144,1770,19
437,229,BMM,1,3091,1206,1885,19
438,230,BMM,0,3000,1171,1829,19
439,230,BMM,1,3053,1190,1863,19
440,231,BMM,0,3006,1173,1833,19
441,231,BMM,1,3150,1229,1921,19
442,232,BMM,0,2856,1115,1741,19
443,232,BMM,1,3038,1180,1858,19
444,233,BMM,0,3069,1204,1865,19
445,233,BMM,1,3033,1167,1866,19
446,234,BMM,0,2923,1146,1777,19
447,234,BMM,1,3004,1172,1832,19
448,235,BMM,0,2973,1152,1821,19
449,235,BMM,1,3096,1210,1886,19
450,236,BMM,0,2909,1138,1771,19
451,236,BMM,1,3110,1216,1894,19
452,237,BMM,0,3076,1205,1871,19
453,237,BMM,1,3056,1189,1867,19
454,238,BMM,0,3079,1199,1880,19
455,238,BMM,1,3108,1217,1891,19
456,239,BMM,0,2958,1148,1810,19
457,239,BMM,1,3176,1239,1937,19
458,240,BMM,0,2979,1160,1819,19
459,240,BMM,1,3180,1241,1939,19
460,241,BMM,0,3131,1224,1907,19
461,241,BMM,1,3193,1251,1942,19
462,242,BMM,0,2973,1168,1805,19
463,242,BMM,1,3038,1197,1841,19
464,243,BMM,0,3090,1211,1879,19
465,243,BMM,1,3140,1232,1908,19
466,244,BMM,0,3038,1195,1843,19
467,244,BMM,1,3093,1217,1876,19
468,245,BMM,0,3079,1197,1882,19
469,245,BMM,1,3127,1224,1903,19
470,246,BMM,0,3089,1202,1887,19
471,246,BMM,1,3101,1210,1891,19
472,247,BMM,0,3149,1234,1915,19
473,247,BMM,1,3047,1192,1855,19
474,248,BMM,0,3095,1217,1878,19
475,248,BMM,1,3051,1183,1868,19
476,249,BMM,0,2997,1171,1826,19
477,249,BMM,1,2989,1170,1819,19
478,250,BMM,0,2828,1098,1730,19
479,250,BMM,1,3041,1190,1851,19
480,251,BMM,0,3006,1188,1818,19
481,251,BMM,1,3153,1231,1922,19
482,252,BMM,0,3096,1211,1885,19
483,252,BMM,1,3045,1185,1860,19
484,253,BMM,0,3100,1218,1882,19
485,253,BMM,1,3060,1204,1856,19
486,254,BMM,0,3105,1222,1883,19
487,254,BMM,1,3163,1237,1926,19
488,255,BMM,0,3098,1214,1884,19
489,255,BMM,1,3076,1201,1875,19
490,256,BMM,0,2955,1155,1800,19
491,256,BMM,1,3165,1233,1932,19
492,257,BMM,0,3058,1205,1853,19
493,257,BMM,1,2875,1136,1739,19
494,258,BMM,0,2941,1154,1787,19
495,258,BMM,1,3139,1239,1900,19
496,259,BMM,0,3059,1199,1860,19
497,259,BMM,1,3169,1240,1929,19
498,260,BMM,0,3039,1202,1837,19
499,260,BMM,1,3081,1201,1880,19
500,261,BMM,0,3070,1207,1863,19
501,261,BMM,1,3230,1266,1964,19
502,262,BMM,0,3108,1218,1890,19
503,262,BMM,1,3180,1239,1941,19
504,263,BMM,0,2951,1156,1795,19
505,263,BMM,1,3184,1252,1932,19
506,264,BMM,0,3171,1243,1928,19
507,264,BMM,1,3239,1276,1963,19
508,265,BMM,0,3063,1196,1867,19
509,265,BMM,1,2915,1136,1779,19
510,266,BMM,0,2892,1144,1748,19
511,266,BMM,1,3124,1227,1897,19
512,267,BMM,0,3059,1196,1863,19
513,267,BMM,1,3186,1256,1930,19
514,268,BMM,0,3062,1207,1855,19
515,268,BMM,1,3245,1275,1970,19
516,269,BMM,0,3061,1206,1855,19
517,269,BMM,1,3136,1224,1912,19
518,270,BMM,0,3033,1180,1853,19
519,270,BMM,1,3177,1250,1927,19
520,271,BMM,0,2959,1164,1795,19
521,271,BMM,1,3191,1253,1938,19
522,272,BMM,0,3058,1192,1866,19
523,272,BMM,1,3130,1238,1892,19
524,273,BMM,0,3123,1221,1902,19
525,273,BMM,1,3195,1259,1936,19
526,274,BMM,0,3169,1244,1925,19
527,274,BMM,1,3074,1219,1855,19
528,275,BMM,0,3104,1215,1889,19
529,275,BMM,1,3130,1226,1904,19
530,276,BMM,0,3069,1205,1864,19
531,276,BMM,1,3061,1199,1862,19
532,277,BMM,0,3016,1194,1822,19
533,277,BMM,1,3033,1190,1843,19
534,278,BMM,0,3122,1225,1897,19
535,278,BMM,1,3018,1193,1825,19
536,279,BMM,0,3084,1202,1882,19
537,279,BMM,1,3194,1252,1942,19
538,280,BMM,0,3128,1230,1898,19
539,280,BMM,1,3090,1210,1880,19
540,281,BMM,0,3119,1223,1896,19
541,281,BMM,1,3142,1233,1909,19
542,282,BMM,0,3080,1201,1879,19
543,282,BMM,1,3206,1254,1952,19
544,283,BMM,0,3031,1187,1844,19
545,283,BMM,1,3198,1260,1938,19
546,284,BMM,0,3028,1178,1850,19
547,284,BMM,1,3099,1211,1888,19
548,285,BMM,0,3060,1208,1852,19
549,285,BMM,1,3262,1279,1983,19
550,286,BMM,0,3041,1192,1849,19
551,286,BMM,1,3047,1218,1829,19
552,287,BMM,0,3095,1207,1888,19
553,287,BMM,1,3206,1252,1954,19
554,288,BMM,0,3149,1236,1913,19
555,288,BMM,1,3204,1253,1951,19
556,289,BMM,0,3190,1242,1948,19
557,289,BMM,1,3262,1276,1986,19
558,290,BMM,0,3079,1211,1868,19
559,290,BMM,1,3048,1197,1851,19
560,291,BMM,0,3142,1231,1911,19
561,291,BMM,1,3222,1263,1959,19
562,292,BMM,0,3155,1232,1923,19
563,292,BMM,1,3211,1262,1949,19
564,293,BMM,0,3089,1213,1876,19
565,293,BMM,1,3099,1222,1877,19
566,294,BMM,0,3143,1227,1916,19
567,294,BMM,1,3274,1287,1987,19
568,295,BMM,0,3090,1200,1890,19
569,295,BMM,1,3273,1284,1989,19
570,296,BMM,0,2938,1150,1788,19
571,296,BMM,1,3263,1277,1986,19
572,297,BMM,0,3041,1187,1854,19
573,297,BMM,1,3281,1289,1992,19
574,298,BMM,0,3148,1237,1911,19
575,298,BMM,1,3219,1266,1953,19
576,299,BMM,0,3151,1226,1925,19
577,299,BMM,1,3229,1263,1966,19
